0 | 3, 5 -> 1 | 3, 0
1 | 1, 1 -> 5 | 1, 0
2 | 5, 25 -> 6 | 5, 0
3 | 5, 6 -> 1 | 3, 0
4 | 6, 6 -> 5 | 2, 0
5 | 5, 5 -> 3 | 2, 0
6 | 5, 11 -> 4 | 4, 0
7 | 3, 3 -> 3 | 4, 0
8 | 4, 4 -> 6 | 5, 0
9 | 3, 3 -> 6 | 4, 0
10 | 3, 3 -> 4 | 2, 0
11 | 4, 6 -> 4 | 3, 0
12 | 6, 4 -> 4 | 5, 0
13 | 4, 6 -> 6 | 1, 0
14 | 6, 6 -> 1 | 5, 0
15 | 6, 1 -> 5 | 2, 0
16 | 5, 5 -> 4 | 1, 0
17 | 5, 4 -> 1 | 1, 0
18 | 1, 1 -> 3 | 3, 0
19 | 3, 3 -> 4 | 5, 0
20 | 4, 4 -> 1 | 3, 0
21 | 1, 4 -> 1 | 3, 0
22 | 1, 4 -> 5 | 2, 0
23 | 5, 1 -> 1 | 1, 0
24 | 1, 5 -> 4 | 5, 0
25 | 1, 1 -> 6 | 1, 0
26 | 6, 4 -> 1 | 2, 0
27 | 1, 1 -> 5 | 1, 0
28 | 14, 5 -> 3 | 1, 0
29 | 5, 5 -> 3 | 5, 0
30 | 3, 5 -> 2 | 1, 0
31 | 2, 2 -> 1 | 2, 0
32 | 1, 2 -> 4 | 3, 0
33 | 1, 4 -> 6 | 4, 0
34 | 6, 6 -> 4 | 5, 0
35 | 4, 6 -> 3 | 1, 0
36 | 3, 4 -> 6 | 3, 0
37 | 3, 3 -> 2 | 1, 0
38 | 2, 6 -> 4 | 2, 0
39 | 4, 4 -> 3 | 3, 0
40 | 3, 4 -> 2 | 1, 0
41 | 3, 2 -> 3 | 4, 0
42 | 2, 3 -> 5 | 3, 0
43 | 5, 5 -> 5 | 4, 0
44 | 3, 3 -> 2 | 3, 0
45 | 5, 5 -> 4 | 3, 0
46 | 4, 2 -> 5 | 4, 0
47 | 5, 5 -> 1 | 3, 0
48 | 1, 1 -> 1 | 1, 0
49 | 5, 5 -> 4 | 2, 0
50 | 4, 1 -> 1 | 3, 0
51 | 4, 1 -> 4 | 2, 0
52 | 1, 4 -> 4 | 4, 0
53 | 1, 4 -> 4 | 5, 0
54 | 1, 1 -> 6 | 4, 0
55 | 4, 6 -> 6 | 2, 0
56 | 6, 4 -> 6 | 1, 0
57 | 4, 6 -> 1 | 4, 0
58 | 6, 1 -> 4 | 5, 0
59 | 4, 4 -> 4 | 5, 0
60 | 1, 4 -> 4 | 2, 0
61 | 4, 1 -> 5 | 1, 0
62 | 4, 4 -> 4 | 3, 0
63 | 5, 4 -> 5 | 3, 0
64 | 4, 5 -> 1 | 2, 0
65 | 5, 1 -> 1 | 3, 0
66 | 1, 5 -> 5 | 4, 0
67 | 1, 5 -> 4 | 5, 0
68 | 5, 5 -> 3 | 3, 0
69 | 4, 4 -> 5 | 1, 0
70 | 5, 5 -> 5 | 1, 0
71 | 5, 5 -> 5 | 3, 0
72 | 5, 3 -> 3 | 2, 0
73 | 3, 5 -> 2 | 4, 0
74 | 3, 2 -> 6 | 4, 0
75 | 13, 2 -> 2 | 1, 0
76 | 6, 6 -> 2 | 3, 0
77 | 2, 6 -> 4 | 3, 0
78 | 2, 2 -> 5 | 5, 0
79 | 5, 4 -> 4 | 2, 0
80 | 5, 4 -> 2 | 3, 0
81 | 8, 6 -> 3 | 2, 0
82 | 2, 2 -> 2 | 5, 0
83 | 3, 2 -> 3 | 3, 0
84 | 2, 3 -> 2 | 3, 0
85 | 3, 2 -> 3 | 2, 0
86 | 3, 3 -> 3 | 3, 0
87 | 3, 3 -> 1 | 4, 0
88 | 3, 1 -> 3 | 5, 0
89 | 14, 25 -> 4 | 4, 0
90 | 3, 4 -> 5 | 5, 0
91 | 4, 29 -> 2 | 4, 0
92 | 5, 2 -> 4 | 5, 0
93 | 4, 2 -> 4 | 1, 0
94 | 2, 4 -> 2 | 4, 0
95 | 2, 4 -> 1 | 4, 0
96 | 2, 1 -> 2 | 5, 0
97 | 2, 2 -> 5 | 3, 0
98 | 5, 2 -> 1 | 2, 0
99 | 1, 1 -> 1 | 5, 0
100 | 5, 5 -> 6 | 5, 0
101 | 6, 6 -> 6 | 2, 0
102 | 6, 1 -> 2 | 4, 0
103 | 6, 2 -> 5 | 1, 0
104 | 2, 2 -> 3 | 2, 0
105 | 3, 3 -> 1 | 5, 0
106 | 1, 3 -> 5 | 1, 0
107 | 5, 1 -> 5 | 1, 0
108 | 5, 1 -> 1 | 2, 0
109 | 8, 1 -> 1 | 4, 0
110 | 1, 5 -> 6 | 3, 0
111 | 6, 1 -> 6 | 1, 0
112 | 6, 1 -> 1 | 2, 0
113 | 6, 6 -> 5 | 5, 0
114 | 5, 5 -> 6 | 2, 0
115 | 5, 5 -> 4 | 4, 0
116 | 4, 6 -> 2 | 4, 0
117 | 4, 2 -> 3 | 5, 0
118 | 2, 3 -> 6 | 3, 0
119 | 3, 6 -> 2 | 3, 0
120 | 6, 6 -> 4 | 1, 0
121 | 4, 4 -> 2 | 2, 0
122 | 4, 4 -> 3 | 1, 0
123 | 3, 2 -> 2 | 2, 0
124 | 3, 3 -> 5 | 4, 0
125 | 5, 2 -> 6 | 2, 0
126 | 5, 6 -> 4 | 4, 0
127 | 6, 4 -> 2 | 1, 0
128 | 2, 2 -> 1 | 4, 0
129 | 2, 2 -> 1 | 3, 0
130 | 2, 2 -> 6 | 2, 0
131 | 6, 6 -> 6 | 2, 0
132 | 6, 6 -> 6 | 3, 0
133 | 6, 6 -> 6 | 2, 0
134 | 6, 1 -> 4 | 1, 0
135 | 6, 4 -> 5 | 3, 0
136 | 4, 4 -> 4 | 3, 0
137 | 4, 5 -> 4 | 1, 0
138 | 4, 4 -> 6 | 5, 0
139 | 4, 6 -> 2 | 2, 0
140 | 2, 6 -> 6 | 2, 0
141 | 6, 14 -> 4 | 1, 0
142 | 4, 4 -> 2 | 2, 0
143 | 2, 4 -> 1 | 5, 0
144 | 1, 2 -> 4 | 2, 0
145 | 4, 1 -> 1 | 5, 0
146 | 4, 4 -> 2 | 4, 0
147 | 2, 2 -> 1 | 3, 0
148 | 1, 2 -> 4 | 4, 0
149 | 1, 4 -> 3 | 1, 0
150 | 3, 3 -> 5 | 4, 0
151 | 3, 3 -> 3 | 5, 0
152 | 5, 3 -> 5 | 5, 0
153 | 3, 23 -> 4 | 1, 0
154 | 4, 5 -> 1 | 4, 0
155 | 4, 4 -> 4 | 5, 0
156 | 1, 1 -> 2 | 2, 0
157 | 2, 4 -> 6 | 2, 0
158 | 2, 2 -> 3 | 3, 0
159 | 3, 3 -> 2 | 4, 0
160 | 2, 3 -> 3 | 5, 0
161 | 2, 2 -> 1 | 5, 0
162 | 3, 1 -> 4 | 1, 0
163 | 1, 1 -> 2 | 1, 0
164 | 4, 2 -> 4 | 5, 0
165 | 2, 2 -> 4 | 5, 0
166 | 2, 2 -> 1 | 5, 0
167 | 4, 4 -> 2 | 2, 0
168 | 2, 1 -> 2 | 4, 0
169 | 2, 2 -> 1 | 4, 0
170 | 2, 1 -> 6 | 5, 0
171 | 1, 6 -> 2 | 2, 0
172 | 2, 2 -> 6 | 2, 0
173 | 6, 6 -> 3 | 1, 0
174 | 6, 3 -> 4 | 2, 0
175 | 3, 4 -> 3 | 2, 0
176 | 3, 4 -> 3 | 1, 0
177 | 3, 3 -> 2 | 5, 0
178 | 2, 3 -> 4 | 1, 0
179 | 4, 2 -> 6 | 3, 0
180 | 6, 6 -> 2 | 1, 0
181 | 6, 2 -> 5 | 5, 0
182 | 5, 12 -> 3 | 5, 0
183 | 3, 3 -> 6 | 1, 0
184 | 6, 3 -> 4 | 3, 0
185 | 6, 4 -> 6 | 1, 0
186 | 6, 4 -> 6 | 2, 0
187 | 6, 6 -> 5 | 2, 0
188 | 5, 6 -> 2 | 4, 0
189 | 2, 5 -> 4 | 4, 0
190 | 2, 4 -> 6 | 1, 0
191 | 4, 6 -> 6 | 3, 0
192 | 6, 6 -> 2 | 5, 0
193 | 2, 6 -> 2 | 5, 0
194 | 6, 6 -> 1 | 3, 0
195 | 2, 1 -> 5 | 1, 0
196 | 1, 5 -> 3 | 4, 0
197 | 3, 3 -> 6 | 2, 0
198 | 6, 3 -> 4 | 1, 0
199 | 4, 4 -> 2 | 4, 0