0 | 20, 9 -> 13 | 2, 0
1 | 6, 13 -> 30 | 1, 0
2 | 13, 30 -> 18 | 10, 0
3 | 18, 3 -> 19 | 1, 0
4 | 2, 18 -> 10 | 9, 0
5 | 18, 19 -> 4 | 4, 0
6 | 30, 3 -> 20 | 9, 0
7 | 10, 19 -> 12 | 3, 0
8 | 15, 19 -> 17 | 6, 0
9 | 18, 4 -> 4 | 3, 0
10 | 9, 26 -> 2 | 2, 0
11 | 20, 10 -> 20 | 8, 0
12 | 2, 30 -> 23 | 1, 0
13 | 19, 28 -> 10 | 6, 0
14 | 19, 30 -> 4 | 4, 0
15 | 8, 25 -> 13 | 8, 0
16 | 12, 20 -> 29 | 3, 2
17 | 22, 24 -> 31 | 2, 0
18 | 4, 0 -> 16 | 3, 0
19 | 16, 2 -> 12 | 6, 0
20 | 3, 20 -> 13 | 7, 0
21 | 10, 12 -> 7 | 2, 0
22 | 7, 20 -> 5 | 6, 0
23 | 4, 24 -> 5 | 6, 0
24 | 30, 4 -> 15 | 5, 0
25 | 5, 16 -> 16 | 3, 0
26 | 7, 23 -> 5 | 1, 0
27 | 19, 5 -> 23 | 9, 0
28 | 16, 15 -> 18 | 9, 0
29 | 16, 12 -> 26 | 7, 0
30 | 14, 13 -> 12 | 1, 0
31 | 30, 31 -> 31 | 6, 0
32 | 23, 12 -> 8 | 6, 0
33 | 7, 0 -> 16 | 6, 0
34 | 5, 7 -> 30 | 4, 0
35 | 8, 26 -> 3 | 7, 0
36 | 30, 10 -> 5 | 4, 1
37 | 9, 30 -> 22 | 3, 0
38 | 3, 5 -> 17 | 3, 0
39 | 3, 13 -> 1 | 5, 0
40 | 12, 31 -> 14 | 1, 0
41 | 22, 26 -> 27 | 9, 0
42 | 1, 27 -> 28 | 3, 0
43 | 9, 3 -> 20 | 9, 0
44 | 3, 5 -> 26 | 9, 0
45 | 27, 20 -> 17 | 1, 0
46 | 4, 3 -> 17 | 4, 0
47 | 28, 22 -> 17 | 9, 0
48 | 16, 12 -> 27 | 7, 0
49 | 22, 20 -> 14 | 1, 1
50 | 9, 23 -> 5 | 3, 0
51 | 14, 6 -> 13 | 3, 0
52 | 14, 20 -> 17 | 7, 0
53 | 26, 26 -> 1 | 8, 0
54 | 1, 28 -> 20 | 2, 0
55 | 13, 6 -> 3 | 1, 0
56 | 11, 1 -> 27 | 5, 0
57 | 26, 31 -> 23 | 5, 0
58 | 3, 27 -> 9 | 2, 0
59 | 5, 14 -> 3 | 2, 0
60 | 1, 26 -> 30 | 10, 0
61 | 13, 7 -> 6 | 3, 0
62 | 23, 13 -> 10 | 3, 0
63 | 10, 2 -> 1 | 2, 1
64 | 30, 6 -> 22 | 7, 0
65 | 25, 19 -> 23 | 4, 0
66 | 1, 30 -> 2 | 1, 0
67 | 10, 2 -> 3 | 7, 0
68 | 18, 1 -> 2 | 3, 0
69 | 2, 10 -> 18 | 1, 0
70 | 19, 3 -> 1 | 2, 0
71 | 30, 15 -> 17 | 2, 0
72 | 1, 30 -> 2 | 5, 0
73 | 18, 6 -> 28 | 10, 0
74 | 3, 31 -> 5 | 10, 0
75 | 2, 27 -> 24 | 9, 0
76 | 23, 1 -> 27 | 4, 0
77 | 27, 17 -> 31 | 1, 1
78 | 15, 31 -> 15 | 9, 0
79 | 5, 4 -> 24 | 5, 0
80 | 16, 27 -> 8 | 8, 0
81 | 28, 27 -> 25 | 2, 1
82 | 24, 31 -> 20 | 1, 0
83 | 5, 25 -> 23 | 8, 0
84 | 5, 27 -> 15 | 9, 0
85 | 23, 1 -> 10 | 9, 0
86 | 28, 24 -> 7 | 4, 0
87 | 10, 31 -> 9 | 3, 0
88 | 17, 23 -> 8 | 8, 0
89 | 7, 25 -> 22 | 5, 0
90 | 26, 15 -> 4 | 1, 0
91 | 10, 7 -> 31 | 1, 0
92 | 18, 4 -> 13 | 10, 0
93 | 7, 3 -> 9 | 3, 1
94 | 9, 22 -> 14 | 4, 0
95 | 27, 25 -> 30 | 9, 0
96 | 14, 22 -> 15 | 3, 0
97 | 18, 8 -> 5 | 7, 0
98 | 9, 9 -> 13 | 5, 0
99 | 31, 15 -> 3 | 8, 0
100 | 31, 28 -> 14 | 1, 2
101 | 4, 5 -> 12 | 10, 0
102 | 12, 26 -> 13 | 9, 0
103 | 5, 13 -> 16 | 6, 0
104 | 9, 14 -> 3 | 4, 0
105 | 30, 14 -> 28 | 1, 0
106 | 5, 30 -> 31 | 1, 0
107 | 15, 28 -> 8 | 4, 0
108 | 5, 6 -> 31 | 8, 0
109 | 31, 28 -> 8 | 1, 0
110 | 19, 16 -> 17 | 2, 0
111 | 3, 5 -> 7 | 4, 0
112 | 0, 28 -> 15 | 6, 0
113 | 15, 8 -> 18 | 7, 0
114 | 19, 17 -> 16 | 7, 0
115 | 7, 23 -> 8 | 6, 0
116 | 23, 12 -> 1 | 9, 0
117 | 31, 19 -> 25 | 4, 0
118 | 18, 18 -> 4 | 8, 0
119 | 14, 4 -> 31 | 7, 0
120 | 31, 9 -> 14 | 4, 2
121 | 8, 5 -> 30 | 4, 0
122 | 18, 2 -> 10 | 7, 0
123 | 21, 30 -> 1 | 1, 1
124 | 10, 14 -> 13 | 5, 0
125 | 27, 25 -> 7 | 8, 0
126 | 14, 30 -> 1 | 4, 0
127 | 25, 1 -> 15 | 1, 1
128 | 1, 21 -> 12 | 10, 0
129 | 10, 19 -> 1 | 10, 0
130 | 4, 7 -> 4 | 8, 0
131 | 24, 27 -> 27 | 8, 0
132 | 15, 9 -> 20 | 6, 0
133 | 30, 1 -> 13 | 4, 0
134 | 13, 10 -> 11 | 7, 0
135 | 4, 13 -> 7 | 4, 1
136 | 28, 13 -> 14 | 4, 0
137 | 7, 18 -> 10 | 5, 0
138 | 13, 11 -> 6 | 3, 0
139 | 1, 10 -> 13 | 4, 0
140 | 14, 6 -> 21 | 1, 0
141 | 20, 14 -> 27 | 6, 0
142 | 10, 27 -> 7 | 10, 0
143 | 27, 21 -> 15 | 1, 0
144 | 20, 22 -> 7 | 1, 2
145 | 13, 21 -> 27 | 3, 1
146 | 6, 13 -> 3 | 8, 0
147 | 27, 6 -> 22 | 9, 0
148 | 27, 15 -> 14 | 5, 0
149 | 14, 10 -> 29 | 7, 0
150 | 7, 25 -> 24 | 1, 0
151 | 14, 29 -> 13 | 6, 0
152 | 29, 13 -> 18 | 4, 1
153 | 15, 10 -> 5 | 3, 0
154 | 18, 3 -> 25 | 4, 0
155 | 25, 30 -> 11 | 4, 1
156 | 3, 10 -> 21 | 4, 0
157 | 12, 11 -> 19 | 7, 0
158 | 10, 21 -> 5 | 4, 0
159 | 29, 2 -> 22 | 2, 0
160 | 13, 11 -> 21 | 10, 0
161 | 18, 28 -> 17 | 1, 0
162 | 18, 18 -> 25 | 8, 0
163 | 30, 17 -> 5 | 6, 0
164 | 18, 5 -> 2 | 2, 0
165 | 20, 5 -> 2 | 7, 0
166 | 8, 5 -> 20 | 2, 0
167 | 19, 5 -> 22 | 4, 0
168 | 17, 16 -> 6 | 10, 0
169 | 21, 19 -> 31 | 4, 0
170 | 19, 5 -> 12 | 2, 2
171 | 17, 24 -> 6 | 5, 0
172 | 17, 2 -> 31 | 9, 0
173 | 6, 17 -> 21 | 6, 0
174 | 20, 20 -> 11 | 8, 0
175 | 25, 3 -> 10 | 5, 0
176 | 5, 20 -> 24 | 1, 1
177 | 31, 27 -> 14 | 1, 0
178 | 11, 2 -> 1 | 3, 1
179 | 12, 10 -> 14 | 10, 0
180 | 21, 30 -> 6 | 2, 1
181 | 28, 1 -> 28 | 5, 0
182 | 24, 3 -> 21 | 6, 0
183 | 12, 31 -> 24 | 3, 0
184 | 2, 24 -> 13 | 3, 0
185 | 24, 11 -> 22 | 3, 0
186 | 10, 26 -> 27 | 9, 0
187 | 21, 30 -> 23 | 7, 0
188 | 29, 6 -> 6 | 2, 0
189 | 6, 13 -> 23 | 4, 1
190 | 16, 22 -> 3 | 1, 0
191 | 27, 12 -> 31 | 6, 0
192 | 13, 6 -> 13 | 9, 0
193 | 21, 1 -> 14 | 4, 0
194 | 23, 25 -> 20 | 10, 0
195 | 9, 14 -> 4 | 3, 0
196 | 14, 1 -> 2 | 1, 1
197 | 2, 27 -> 25 | 9, 0
198 | 4, 24 -> 4 | 4, 0
199 | 4, 5 -> 27 | 5, 0
200 | 25, 2 -> 10 | 7, 0
201 | 20, 2 -> 2 | 6, 0
202 | 30, 1 -> 26 | 7, 0
203 | 2, 26 -> 18 | 2, 0
204 | 27, 18 -> 17 | 1, 0
205 | 25, 26 -> 31 | 6, 0
206 | 16, 18 -> 10 | 4, 0
207 | 31, 5 -> 16 | 9, 0
208 | 20, 2 -> 30 | 2, 0
209 | 30, 17 -> 9 | 9, 0
210 | 18, 14 -> 31 | 9, 0
211 | 27, 22 -> 19 | 3, 0
212 | 28, 20 -> 6 | 5, 0
213 | 31, 9 -> 17 | 5, 0
214 | 9, 15 -> 24 | 9, 0
215 | 19, 19 -> 9 | 2, 0
216 | 24, 17 -> 5 | 5, 0
217 | 17, 9 -> 9 | 7, 0
218 | 9, 31 -> 23 | 5, 0
219 | 5, 19 -> 1 | 7, 0
220 | 26, 14 -> 22 | 2, 0
221 | 24, 1 -> 29 | 7, 0
222 | 10, 24 -> 16 | 10, 0
223 | 11, 20 -> 25 | 1, 1
224 | 24, 22 -> 17 | 10, 0
225 | 29, 1 -> 21 | 6, 0
226 | 1, 29 -> 7 | 3, 0
227 | 21, 22 -> 21 | 4, 2
228 | 7, 22 -> 21 | 6, 0
229 | 7, 22 -> 31 | 4, 0
230 | 25, 7 -> 5 | 2, 0
231 | 12, 22 -> 24 | 3, 0
232 | 25, 7 -> 25 | 3, 0
233 | 30, 31 -> 9 | 5, 0
234 | 11, 31 -> 12 | 5, 0
235 | 7, 9 -> 22 | 3, 0
236 | 24, 17 -> 29 | 3, 0
237 | 24, 0 -> 22 | 1, 1
238 | 16, 9 -> 28 | 8, 0
239 | 29, 24 -> 26 | 10, 0
240 | 5, 19 -> 7 | 4, 0
241 | 25, 7 -> 18 | 4, 1
242 | 26, 25 -> 2 | 3, 0
243 | 15, 9 -> 20 | 1, 0
244 | 28, 9 -> 16 | 8, 0
245 | 28, 4 -> 6 | 1, 0
246 | 6, 21 -> 26 | 9, 0
247 | 16, 7 -> 21 | 3, 2
248 | 28, 16 -> 10 | 7, 0
249 | 10, 18 -> 12 | 7, 0
250 | 6, 22 -> 7 | 2, 0
251 | 6, 8 -> 19 | 2, 0
252 | 2, 20 -> 29 | 10, 0
253 | 10, 29 -> 7 | 8, 0
254 | 3, 24 -> 20 | 1, 1
255 | 26, 11 -> 4 | 1, 0
256 | 20, 0 -> 12 | 3, 0
257 | 16, 11 -> 14 | 1, 1
258 | 26, 3 -> 16 | 1, 0
259 | 26, 29 -> 15 | 4, 1
260 | 14, 7 -> 18 | 4, 1
261 | 16, 27 -> 1 | 1, 1
262 | 5, 18 -> 5 | 5, 0
263 | 15, 18 -> 30 | 2, 1
264 | 5, 4 -> 23 | 5, 0
265 | 3, 0 -> 2 | 1, 1
266 | 1, 10 -> 31 | 8, 0
267 | 20, 14 -> 24 | 3, 0
268 | 31, 2 -> 21 | 8, 0
269 | 1, 21 -> 10 | 10, 0
270 | 21, 0 -> 27 | 5, 0
271 | 24, 23 -> 20 | 4, 0
272 | 18, 20 -> 9 | 3, 0
273 | 9, 27 -> 26 | 10, 0
274 | 2, 31 -> 12 | 9, 0
275 | 21, 20 -> 10 | 7, 0
276 | 9, 0 -> 26 | 9, 0
277 | 27, 14 -> 13 | 5, 0
278 | 20, 31 -> 7 | 4, 0
279 | 12, 24 -> 12 | 9, 0
280 | 15, 27 -> 12 | 6, 0
281 | 5, 24 -> 1 | 9, 0
282 | 6, 21 -> 16 | 4, 0
283 | 13, 9 -> 25 | 10, 0
284 | 16, 21 -> 7 | 7, 0
285 | 7, 13 -> 28 | 8, 0
286 | 4, 25 -> 30 | 3, 1
287 | 25, 25 -> 6 | 3, 0
288 | 7, 14 -> 6 | 3, 2
289 | 13, 3 -> 9 | 8, 0
290 | 30, 9 -> 31 | 5, 0
291 | 16, 6 -> 16 | 5, 0
292 | 28, 9 -> 15 | 3, 0
293 | 0, 9 -> 26 | 2, 1
294 | 25, 8 -> 25 | 2, 0
295 | 24, 4 -> 15 | 6, 0
296 | 30, 9 -> 5 | 1, 0
297 | 6, 25 -> 15 | 5, 0
298 | 26, 16 -> 19 | 6, 0
299 | 16, 16 -> 15 | 2, 0
300 | 6, 25 -> 18 | 5, 0
301 | 5, 27 -> 9 | 4, 0
302 | 5, 15 -> 2 | 5, 0
303 | 2, 16 -> 11 | 8, 0
304 | 26, 19 -> 14 | 3, 2
305 | 2, 14 -> 23 | 10, 0
306 | 14, 31 -> 25 | 4, 0
307 | 11, 11 -> 1 | 4, 1
308 | 3, 2 -> 11 | 8, 0
309 | 9, 30 -> 5 | 5, 0
310 | 15, 23 -> 2 | 6, 0
311 | 2, 9 -> 31 | 2, 0
312 | 11, 20 -> 25 | 7, 0
313 | 25, 31 -> 31 | 8, 0
314 | 9, 8 -> 1 | 2, 0
315 | 25, 5 -> 9 | 1, 0
316 | 25, 18 -> 21 | 9, 0
317 | 11, 9 -> 23 | 5, 0
318 | 5, 31 -> 4 | 4, 1
319 | 14, 9 -> 22 | 7, 0
320 | 22, 24 -> 23 | 10, 0
321 | 31, 3 -> 25 | 7, 0
322 | 9, 20 -> 27 | 9, 0
323 | 31, 21 -> 8 | 1, 0
324 | 1, 4 -> 14 | 1, 0
325 | 4, 29 -> 21 | 1, 1
326 | 1, 1 -> 9 | 1, 0
327 | 16, 9 -> 14 | 1, 0
328 | 27, 21 -> 4 | 3, 1
329 | 1, 9 -> 15 | 3, 2
330 | 18, 4 -> 24 | 8, 0
331 | 14, 12 -> 18 | 8, 0
332 | 19, 30 -> 27 | 4, 0
333 | 15, 9 -> 19 | 6, 0
334 | 24, 4 -> 16 | 4, 0
335 | 16, 19 -> 20 | 8, 0
336 | 24, 22 -> 24 | 9, 0
337 | 16, 18 -> 5 | 10, 0
338 | 17, 6 -> 24 | 8, 0
339 | 20, 5 -> 1 | 9, 0
340 | 18, 4 -> 5 | 5, 0
341 | 7, 18 -> 23 | 6, 0
342 | 19, 15 -> 13 | 1, 0
343 | 31, 24 -> 6 | 3, 0
344 | 20, 13 -> 27 | 6, 0
345 | 15, 13 -> 14 | 1, 0
346 | 23, 24 -> 10 | 5, 0
347 | 5, 24 -> 24 | 7, 0
348 | 24, 13 -> 15 | 2, 0
349 | 24, 5 -> 13 | 10, 0
350 | 10, 31 -> 13 | 10, 0
351 | 21, 5 -> 6 | 6, 0
352 | 19, 13 -> 21 | 6, 0
353 | 26, 18 -> 27 | 9, 0
354 | 26, 5 -> 20 | 1, 1
355 | 0, 19 -> 23 | 1, 0
356 | 25, 0 -> 22 | 3, 2
357 | 9, 13 -> 20 | 2, 1
358 | 24, 22 -> 3 | 9, 0
359 | 13, 3 -> 21 | 3, 1
360 | 22, 20 -> 2 | 2, 0
361 | 4, 6 -> 20 | 1, 0
362 | 27, 20 -> 15 | 2, 1
363 | 15, 13 -> 28 | 1, 0
364 | 29, 6 -> 9 | 8, 0
365 | 4, 3 -> 22 | 4, 0
366 | 21, 31 -> 1 | 4, 0
367 | 9, 9 -> 1 | 5, 0
368 | 20, 3 -> 28 | 7, 0
369 | 7, 20 -> 18 | 4, 0
370 | 15, 18 -> 9 | 6, 0
371 | 15, 5 -> 7 | 3, 0
372 | 20, 15 -> 6 | 4, 0
373 | 24, 13 -> 10 | 9, 0
374 | 22, 16 -> 20 | 10, 0
375 | 15, 22 -> 7 | 1, 1
376 | 9, 24 -> 1 | 10, 0
377 | 1, 7 -> 23 | 4, 0
378 | 1, 6 -> 26 | 5, 0
379 | 20, 20 -> 5 | 7, 0
380 | 10, 29 -> 25 | 3, 0
381 | 11, 7 -> 29 | 8, 0
382 | 7, 25 -> 6 | 5, 0
383 | 14, 2 -> 13 | 2, 2
384 | 9, 13 -> 18 | 3, 0
385 | 29, 1 -> 9 | 10, 0
386 | 9, 29 -> 29 | 1, 1
387 | 7, 25 -> 7 | 6, 0
388 | 5, 25 -> 24 | 4, 0
389 | 7, 6 -> 15 | 9, 0
390 | 28, 29 -> 14 | 3, 0
391 | 7, 6 -> 9 | 3, 0
392 | 15, 24 -> 31 | 3, 1
393 | 9, 24 -> 5 | 4, 1
394 | 15, 0 -> 17 | 3, 0
395 | 22, 8 -> 29 | 10, 0
396 | 14, 7 -> 18 | 3, 0
397 | 9, 15 -> 27 | 4, 0
398 | 5, 14 -> 7 | 3, 1
399 | 27, 28 -> 31 | 4, 2
400 | 29, 7 -> 2 | 4, 1
401 | 29, 16 -> 4 | 7, 0
402 | 5, 18 -> 30 | 3, 1
403 | 16, 5 -> 5 | 1, 0
404 | 9, 4 -> 31 | 3, 0
405 | 2, 20 -> 13 | 6, 0
406 | 2, 2 -> 27 | 4, 0
407 | 13, 2 -> 29 | 2, 1
408 | 2, 19 -> 20 | 2, 0
409 | 13, 4 -> 21 | 2, 0
410 | 28, 27 -> 24 | 1, 0
411 | 27, 21 -> 22 | 4, 1
412 | 4, 21 -> 29 | 7, 0
413 | 31, 22 -> 19 | 2, 0
414 | 31, 31 -> 30 | 3, 0
415 | 5, 3 -> 24 | 10, 0
416 | 26, 30 -> 22 | 5, 0
417 | 1, 14 -> 22 | 2, 0
418 | 31, 31 -> 31 | 9, 0
419 | 20, 22 -> 8 | 4, 0
420 | 31, 30 -> 21 | 3, 1
421 | 14, 22 -> 18 | 2, 0
422 | 5, 4 -> 26 | 9, 0
423 | 18, 6 -> 15 | 7, 0
424 | 21, 26 -> 5 | 10, 0
425 | 18, 5 -> 1 | 4, 0
426 | 5, 27 -> 30 | 10, 0
427 | 12, 18 -> 6 | 6, 0
428 | 0, 7 -> 8 | 9, 0
429 | 31, 31 -> 12 | 1, 1
430 | 30, 30 -> 23 | 10, 0
431 | 23, 12 -> 26 | 3, 0
432 | 6, 24 -> 27 | 3, 1
433 | 0, 23 -> 16 | 1, 0
434 | 2, 5 -> 27 | 10, 0
435 | 30, 28 -> 13 | 10, 0
436 | 12, 26 -> 10 | 10, 0
437 | 13, 23 -> 24 | 10, 0
438 | 26, 26 -> 19 | 4, 0
439 | 23, 2 -> 21 | 3, 1
440 | 19, 13 -> 12 | 9, 0
441 | 19, 2 -> 30 | 2, 0
442 | 27, 6 -> 12 | 4, 0
443 | 9, 19 -> 31 | 6, 0
444 | 21, 27 -> 23 | 1, 0
445 | 20, 30 -> 17 | 4, 0
446 | 22, 12 -> 1 | 8, 0
447 | 21, 12 -> 30 | 2, 0
448 | 31, 10 -> 18 | 6, 0
449 | 17, 30 -> 19 | 10, 0
450 | 12, 31 -> 24 | 2, 0
451 | 20, 17 -> 29 | 1, 0
452 | 17, 29 -> 7 | 3, 2
453 | 6, 7 -> 31 | 1, 1
454 | 23, 29 -> 1 | 9, 0
455 | 0, 1 -> 7 | 1, 0
456 | 25, 21 -> 6 | 4, 1
457 | 5, 21 -> 25 | 10, 0
458 | 19, 1 -> 30 | 6, 0
459 | 18, 21 -> 6 | 2, 1
460 | 19, 5 -> 12 | 7, 0
461 | 19, 9 -> 22 | 10, 0
462 | 24, 31 -> 25 | 3, 1
463 | 29, 7 -> 17 | 5, 0
464 | 17, 25 -> 21 | 6, 0
465 | 22, 17 -> 30 | 2, 1
466 | 1, 1 -> 25 | 10, 0
467 | 21, 10 -> 17 | 2, 1
468 | 7, 12 -> 29 | 8, 0
469 | 29, 29 -> 3 | 7, 0
470 | 22, 7 -> 13 | 7, 0
471 | 14, 13 -> 9 | 4, 0
472 | 29, 30 -> 21 | 8, 0
473 | 12, 30 -> 28 | 5, 0
474 | 8, 18 -> 3 | 8, 0
475 | 15, 22 -> 20 | 4, 0
476 | 21, 23 -> 2 | 8, 0
477 | 3, 19 -> 22 | 1, 2
478 | 28, 21 -> 4 | 8, 0
479 | 5, 21 -> 29 | 1, 0
480 | 2, 0 -> 2 | 2, 1
481 | 29, 3 -> 29 | 2, 0
482 | 21, 27 -> 1 | 9, 0
483 | 21, 29 -> 17 | 8, 0
484 | 4, 2 -> 28 | 4, 0
485 | 17, 0 -> 9 | 1, 0
486 | 9, 20 -> 31 | 1, 0
487 | 31, 18 -> 18 | 7, 0
488 | 17, 1 -> 18 | 3, 0
489 | 29, 9 -> 29 | 1, 0
490 | 4, 16 -> 23 | 7, 0
491 | 12, 5 -> 27 | 1, 0
492 | 3, 1 -> 11 | 8, 0
493 | 31, 1 -> 1 | 8, 0
494 | 17, 31 -> 8 | 7, 0
495 | 1, 9 -> 9 | 6, 0
496 | 31, 16 -> 9 | 8, 0
497 | 22, 18 -> 19 | 3, 0
498 | 18, 1 -> 17 | 6, 0
499 | 9, 23 -> 6 | 1, 0
500 | 1, 27 -> 4 | 5, 0
501 | 8, 27 -> 17 | 2, 0
502 | 9, 7 -> 15 | 3, 0
503 | 9, 4 -> 12 | 4, 0
504 | 21, 16 -> 1 | 1, 0
505 | 1, 4 -> 23 | 6, 0
506 | 17, 5 -> 17 | 2, 0
507 | 6, 18 -> 20 | 1, 0
508 | 24, 12 -> 14 | 10, 0
509 | 22, 19 -> 5 | 4, 0
510 | 23, 17 -> 11 | 2, 0
511 | 24, 1 -> 16 | 1, 0
512 | 15, 1 -> 23 | 7, 0
513 | 11, 28 -> 13 | 9, 0
514 | 0, 12 -> 13 | 5, 0
515 | 20, 7 -> 3 | 2, 0
516 | 3, 13 -> 28 | 10, 0
517 | 23, 30 -> 28 | 4, 1
518 | 8, 3 -> 28 | 6, 0
519 | 20, 11 -> 18 | 5, 0
520 | 11, 23 -> 18 | 7, 0
521 | 19, 11 -> 26 | 9, 0
522 | 3, 3 -> 18 | 8, 0
523 | 9, 23 -> 7 | 9, 0
524 | 20, 18 -> 14 | 6, 0
525 | 26, 18 -> 7 | 10, 0
526 | 25, 28 -> 7 | 1, 0
527 | 14, 14 -> 27 | 3, 0
528 | 23, 10 -> 16 | 5, 0
529 | 10, 14 -> 17 | 1, 2
530 | 26, 14 -> 23 | 7, 0
531 | 23, 8 -> 2 | 8, 0
532 | 16, 20 -> 23 | 3, 0
533 | 27, 16 -> 5 | 4, 0
534 | 5, 2 -> 21 | 9, 0
535 | 12, 23 -> 14 | 7, 0
536 | 17, 23 -> 21 | 9, 0
537 | 27, 27 -> 29 | 2, 0
538 | 23, 5 -> 7 | 3, 1
539 | 14, 5 -> 2 | 2, 0
540 | 22, 29 -> 22 | 3, 0
541 | 23, 14 -> 24 | 2, 0
542 | 19, 29 -> 4 | 2, 0
543 | 25, 4 -> 2 | 2, 0
544 | 24, 29 -> 3 | 3, 0
545 | 2, 21 -> 10 | 2, 2
546 | 29, 21 -> 4 | 4, 0
547 | 21, 24 -> 12 | 5, 0
548 | 3, 15 -> 24 | 9, 0
549 | 12, 24 -> 16 | 10, 0
550 | 4, 12 -> 5 | 1, 0
551 | 7, 4 -> 19 | 2, 0
552 | 13, 22 -> 25 | 1, 0
553 | 4, 19 -> 2 | 3, 0
554 | 21, 4 -> 19 | 1, 0
555 | 12, 2 -> 3 | 3, 0
556 | 10, 16 -> 25 | 2, 1
557 | 21, 4 -> 1 | 8, 0
558 | 12, 4 -> 25 | 2, 0
559 | 25, 26 -> 3 | 6, 0
560 | 24, 31 -> 5 | 5, 0
561 | 29, 10 -> 14 | 9, 0
562 | 12, 5 -> 3 | 5, 0
563 | 14, 12 -> 15 | 8, 0
564 | 15, 19 -> 26 | 6, 0
565 | 25, 14 -> 21 | 6, 0
566 | 27, 0 -> 10 | 1, 0
567 | 30, 19 -> 10 | 6, 0
568 | 21, 25 -> 20 | 3, 2
569 | 5, 25 -> 26 | 4, 0
570 | 2, 10 -> 13 | 3, 0
571 | 10, 25 -> 29 | 7, 0
572 | 21, 12 -> 28 | 3, 0
573 | 28, 13 -> 4 | 8, 0
574 | 26, 6 -> 18 | 9, 0
575 | 8, 16 -> 22 | 9, 0
576 | 28, 29 -> 12 | 7, 0
577 | 3, 31 -> 16 | 1, 0
578 | 12, 13 -> 10 | 3, 0
579 | 29, 4 -> 16 | 3, 1
580 | 26, 2 -> 13 | 10, 0
581 | 17, 15 -> 10 | 1, 0
582 | 4, 24 -> 16 | 6, 0
583 | 17, 26 -> 16 | 9, 0
584 | 13, 16 -> 6 | 9, 0
585 | 12, 19 -> 13 | 6, 0
586 | 11, 4 -> 7 | 8, 0
587 | 10, 12 -> 13 | 8, 0
588 | 16, 28 -> 17 | 3, 0
589 | 20, 16 -> 25 | 9, 0
590 | 26, 17 -> 13 | 7, 0
591 | 6, 7 -> 9 | 1, 0
592 | 22, 22 -> 31 | 4, 0
593 | 6, 26 -> 27 | 2, 0
594 | 10, 7 -> 25 | 6, 0
595 | 6, 22 -> 28 | 3, 0
596 | 6, 9 -> 5 | 2, 0
597 | 4, 6 -> 22 | 7, 0
598 | 7, 8 -> 5 | 4, 0
599 | 27, 24 -> 29 | 7, 0
600 | 17, 17 -> 20 | 4, 0
601 | 25, 5 -> 12 | 1, 1
602 | 20, 27 -> 21 | 8, 0
603 | 21, 2 -> 2 | 8, 0
604 | 20, 5 -> 31 | 10, 0
605 | 28, 13 -> 10 | 10, 0
606 | 10, 2 -> 1 | 5, 0
607 | 10, 17 -> 24 | 4, 2
608 | 5, 24 -> 26 | 9, 0
609 | 31, 12 -> 19 | 4, 1
610 | 29, 20 -> 7 | 2, 1
611 | 24, 21 -> 1 | 4, 0
612 | 12, 12 -> 18 | 5, 0
613 | 1, 1 -> 3 | 7, 0
614 | 31, 26 -> 21 | 6, 0
615 | 19, 18 -> 23 | 1, 0
616 | 29, 21 -> 4 | 6, 0
617 | 30, 23 -> 30 | 6, 0
618 | 23, 16 -> 17 | 6, 0
619 | 17, 12 -> 23 | 9, 0
620 | 18, 18 -> 5 | 1, 1
621 | 7, 5 -> 1 | 2, 0
622 | 1, 7 -> 18 | 6, 0
623 | 3, 31 -> 25 | 4, 0
624 | 5, 24 -> 29 | 2, 1
625 | 28, 21 -> 30 | 8, 0
626 | 3, 10 -> 13 | 4, 0
627 | 30, 30 -> 20 | 4, 1
628 | 29, 14 -> 1 | 4, 0
629 | 2, 30 -> 26 | 4, 2
630 | 13, 2 -> 30 | 10, 0
631 | 16, 18 -> 1 | 2, 0
632 | 6, 5 -> 6 | 6, 0
633 | 29, 0 -> 3 | 9, 0
634 | 5, 18 -> 20 | 9, 0
635 | 20, 18 -> 15 | 1, 0
636 | 6, 29 -> 26 | 4, 0
637 | 3, 7 -> 20 | 9, 0
638 | 26, 3 -> 28 | 2, 0
639 | 3, 3 -> 5 | 10, 0
640 | 12, 28 -> 2 | 2, 1
641 | 6, 13 -> 30 | 2, 0
642 | 3, 1 -> 22 | 7, 0
643 | 3, 28 -> 15 | 3, 0
644 | 5, 1 -> 11 | 3, 0
645 | 20, 20 -> 9 | 1, 0
646 | 9, 20 -> 29 | 6, 0
647 | 15, 5 -> 18 | 1, 0
648 | 20, 22 -> 12 | 4, 2
649 | 2, 2 -> 8 | 7, 0
650 | 5, 13 -> 10 | 1, 0
651 | 27, 11 -> 20 | 3, 0
652 | 18, 15 -> 11 | 1, 0
653 | 8, 9 -> 21 | 1, 1
654 | 19, 11 -> 18 | 3, 1
655 | 9, 29 -> 21 | 5, 0
656 | 28, 18 -> 9 | 7, 0
657 | 11, 21 -> 28 | 6, 0
658 | 18, 18 -> 4 | 6, 0
659 | 17, 12 -> 3 | 3, 0
660 | 19, 11 -> 2 | 1, 1
661 | 3, 3 -> 19 | 1, 0
662 | 19, 3 -> 30 | 6, 0
663 | 2, 4 -> 12 | 9, 0
664 | 15, 10 -> 10 | 1, 0
665 | 19, 24 -> 28 | 8, 0
666 | 28, 3 -> 27 | 5, 0
667 | 3, 28 -> 15 | 8, 0
668 | 27, 28 -> 30 | 8, 0
669 | 28, 12 -> 15 | 6, 0
670 | 30, 2 -> 24 | 10, 0
671 | 24, 12 -> 17 | 3, 1
672 | 24, 12 -> 30 | 3, 0
673 | 12, 6 -> 7 | 6, 0
674 | 10, 17 -> 17 | 1, 1
675 | 2, 24 -> 25 | 10, 0
676 | 15, 15 -> 24 | 2, 1
677 | 1, 25 -> 15 | 1, 0
678 | 25, 19 -> 24 | 4, 0
679 | 25, 25 -> 1 | 8, 0
680 | 27, 27 -> 22 | 10, 0
681 | 12, 12 -> 10 | 8, 0
682 | 25, 1 -> 11 | 1, 0
683 | 22, 11 -> 5 | 5, 0
684 | 30, 15 -> 5 | 9, 0
685 | 15, 10 -> 17 | 1, 2
686 | 24, 7 -> 27 | 7, 0
687 | 25, 9 -> 31 | 7, 0
688 | 22, 6 -> 31 | 3, 1
689 | 17, 26 -> 3 | 5, 0
690 | 7, 22 -> 22 | 6, 0
691 | 12, 24 -> 29 | 7, 0
692 | 27, 26 -> 12 | 5, 0
693 | 4, 3 -> 20 | 4, 0
694 | 0, 31 -> 22 | 3, 0
695 | 31, 14 -> 14 | 2, 1
696 | 31, 14 -> 12 | 6, 0
697 | 27, 8 -> 8 | 5, 0
698 | 27, 3 -> 20 | 2, 0
699 | 31, 22 -> 12 | 7, 0
700 | 31, 10 -> 13 | 5, 0
701 | 13, 12 -> 12 | 5, 0
702 | 10, 29 -> 28 | 10, 0
703 | 28, 22 -> 24 | 1, 0
704 | 24, 5 -> 23 | 3, 0
705 | 13, 15 -> 1 | 1, 2
706 | 9, 23 -> 17 | 5, 0
707 | 20, 21 -> 2 | 5, 0
708 | 17, 2 -> 23 | 3, 0
709 | 21, 13 -> 5 | 9, 0
710 | 9, 27 -> 13 | 1, 0
711 | 5, 6 -> 3 | 4, 0
712 | 28, 14 -> 20 | 4, 1
713 | 13, 28 -> 7 | 4, 1
714 | 5, 1 -> 18 | 1, 0
715 | 18, 13 -> 7 | 8, 0
716 | 11, 13 -> 22 | 3, 0
717 | 20, 13 -> 27 | 5, 0
718 | 23, 3 -> 25 | 2, 0
719 | 20, 22 -> 6 | 4, 0
720 | 22, 13 -> 23 | 6, 0
721 | 30, 6 -> 4 | 10, 0
722 | 18, 20 -> 8 | 8, 0
723 | 26, 23 -> 18 | 6, 0
724 | 6, 5 -> 21 | 3, 0
725 | 22, 27 -> 22 | 5, 0
726 | 21, 21 -> 5 | 2, 0
727 | 3, 21 -> 17 | 2, 2
728 | 26, 22 -> 13 | 7, 0
729 | 23, 22 -> 15 | 2, 0
730 | 18, 17 -> 20 | 8, 0
731 | 17, 8 -> 24 | 8, 0
732 | 18, 13 -> 1 | 8, 0
733 | 9, 20 -> 11 | 6, 0
734 | 26, 11 -> 28 | 6, 0
735 | 20, 2 -> 31 | 4, 0
736 | 17, 19 -> 12 | 7, 0
737 | 31, 0 -> 30 | 10, 0
738 | 15, 3 -> 29 | 3, 0
739 | 16, 11 -> 13 | 5, 0
740 | 24, 3 -> 12 | 3, 0
741 | 8, 3 -> 26 | 9, 0
742 | 21, 11 -> 26 | 4, 0
743 | 23, 12 -> 4 | 1, 0
744 | 1, 26 -> 20 | 2, 1
745 | 25, 31 -> 31 | 10, 0
746 | 13, 19 -> 24 | 10, 0
747 | 4, 13 -> 1 | 4, 0
748 | 26, 24 -> 21 | 1, 0
749 | 29, 24 -> 14 | 3, 0
750 | 12, 22 -> 4 | 10, 0
751 | 14, 20 -> 6 | 2, 0
752 | 12, 24 -> 17 | 3, 0
753 | 20, 4 -> 20 | 9, 0
754 | 10, 31 -> 29 | 10, 0
755 | 29, 29 -> 29 | 4, 0
756 | 17, 17 -> 5 | 1, 0
757 | 24, 17 -> 8 | 9, 0
758 | 3, 8 -> 26 | 3, 0
759 | 15, 29 -> 17 | 4, 0
760 | 12, 7 -> 24 | 10, 0
761 | 17, 27 -> 30 | 8, 0
762 | 28, 4 -> 29 | 7, 0
763 | 20, 17 -> 18 | 4, 0
764 | 14, 8 -> 12 | 5, 0
765 | 30, 29 -> 7 | 2, 0
766 | 18, 26 -> 25 | 8, 0
767 | 29, 18 -> 16 | 3, 0
768 | 12, 30 -> 31 | 4, 2
769 | 29, 29 -> 28 | 9, 0
770 | 29, 18 -> 31 | 5, 0
771 | 31, 9 -> 21 | 7, 0
772 | 14, 28 -> 18 | 3, 0
773 | 31, 1 -> 20 | 8, 0
774 | 28, 20 -> 12 | 6, 0
775 | 30, 31 -> 13 | 10, 0
776 | 16, 28 -> 3 | 9, 0
777 | 21, 28 -> 6 | 7, 0
778 | 12, 13 -> 5 | 4, 0
779 | 12, 6 -> 31 | 1, 1
780 | 9, 3 -> 2 | 7, 0
781 | 5, 3 -> 2 | 2, 1
782 | 2, 5 -> 4 | 2, 0
783 | 18, 5 -> 12 | 4, 1
784 | 3, 31 -> 16 | 3, 0
785 | 4, 3 -> 15 | 1, 0
786 | 0, 15 -> 20 | 7, 0
787 | 16, 9 -> 16 | 7, 0
788 | 16, 6 -> 31 | 4, 1
789 | 12, 2 -> 11 | 10, 0
790 | 10, 4 -> 7 | 4, 0
791 | 0, 20 -> 11 | 9, 0
792 | 5, 5 -> 28 | 5, 0
793 | 5, 28 -> 5 | 2, 0
794 | 31, 20 -> 23 | 2, 0
795 | 28, 7 -> 29 | 4, 1
796 | 16, 16 -> 21 | 1, 0
797 | 28, 28 -> 9 | 4, 0
798 | 27, 17 -> 15 | 6, 0
799 | 11, 2 -> 24 | 5, 0
800 | 11, 8 -> 12 | 7, 0
801 | 16, 2 -> 15 | 2, 0
802 | 15, 11 -> 16 | 2, 0
803 | 21, 11 -> 31 | 1, 1
804 | 16, 15 -> 30 | 8, 0
805 | 14, 30 -> 8 | 10, 0
806 | 30, 28 -> 7 | 3, 1
807 | 24, 24 -> 16 | 4, 0
808 | 10, 7 -> 18 | 3, 0
809 | 30, 30 -> 19 | 9, 0
810 | 24, 30 -> 29 | 1, 2
811 | 8, 7 -> 31 | 10, 0
812 | 7, 20 -> 7 | 5, 0
813 | 16, 16 -> 16 | 4, 0
814 | 31, 12 -> 7 | 4, 0
815 | 4, 29 -> 18 | 1, 1
816 | 15, 18 -> 30 | 2, 1
817 | 0, 19 -> 3 | 6, 0
818 | 0, 31 -> 29 | 9, 0
819 | 0, 30 -> 29 | 2, 0
820 | 3, 8 -> 31 | 7, 0
821 | 31, 16 -> 4 | 5, 0
822 | 7, 4 -> 31 | 1, 1
823 | 24, 18 -> 18 | 3, 1
824 | 4, 4 -> 5 | 1, 1
825 | 16, 18 -> 18 | 8, 0
826 | 18, 15 -> 14 | 1, 1
827 | 29, 18 -> 27 | 7, 0
828 | 3, 14 -> 22 | 1, 0
829 | 3, 22 -> 20 | 4, 0
830 | 22, 5 -> 11 | 7, 0
831 | 4, 31 -> 8 | 3, 0
832 | 14, 6 -> 23 | 3, 0
833 | 18, 11 -> 27 | 1, 0
834 | 27, 23 -> 17 | 4, 0
835 | 23, 8 -> 14 | 8, 0
836 | 22, 23 -> 22 | 4, 0
837 | 18, 23 -> 11 | 6, 0
838 | 8, 8 -> 3 | 2, 0
839 | 14, 6 -> 13 | 8, 0
840 | 3, 31 -> 19 | 5, 0
841 | 8, 30 -> 5 | 2, 2
842 | 1, 2 -> 26 | 2, 0
843 | 11, 13 -> 19 | 5, 0
844 | 11, 3 -> 6 | 8, 0
845 | 26, 11 -> 28 | 3, 0
846 | 16, 7 -> 26 | 4, 0
847 | 26, 5 -> 28 | 10, 0
848 | 22, 28 -> 31 | 10, 0
849 | 19, 3 -> 24 | 6, 0
850 | 3, 26 -> 20 | 9, 0
851 | 20, 3 -> 6 | 3, 1
852 | 5, 30 -> 8 | 9, 0
853 | 5, 26 -> 27 | 5, 0
854 | 20, 22 -> 23 | 6, 0
855 | 24, 13 -> 27 | 7, 0
856 | 16, 1 -> 9 | 6, 0
857 | 9, 26 -> 17 | 5, 0
858 | 14, 24 -> 4 | 3, 0
859 | 8, 20 -> 2 | 6, 0
860 | 28, 17 -> 11 | 3, 0
861 | 22, 17 -> 11 | 1, 2
862 | 17, 27 -> 17 | 3, 1
863 | 23, 16 -> 1 | 3, 0
864 | 1, 7 -> 25 | 3, 0
865 | 12, 8 -> 22 | 4, 0
866 | 17, 15 -> 8 | 10, 0
867 | 7, 11 -> 17 | 10, 0
868 | 4, 25 -> 15 | 7, 0
869 | 0, 7 -> 11 | 4, 0
870 | 27, 9 -> 8 | 1, 0
871 | 4, 17 -> 16 | 8, 0
872 | 16, 25 -> 15 | 10, 0
873 | 4, 24 -> 6 | 2, 0
874 | 28, 5 -> 10 | 4, 0
875 | 4, 6 -> 6 | 7, 0
876 | 22, 11 -> 17 | 3, 0
877 | 25, 8 -> 10 | 4, 0
878 | 11, 8 -> 20 | 10, 0
879 | 10, 23 -> 27 | 3, 1
880 | 20, 16 -> 1 | 6, 0
881 | 1, 10 -> 22 | 6, 0
882 | 20, 15 -> 6 | 6, 0
883 | 3, 27 -> 29 | 7, 0
884 | 31, 1 -> 18 | 3, 0
885 | 16, 8 -> 23 | 3, 0
886 | 20, 10 -> 5 | 10, 0
887 | 6, 29 -> 18 | 10, 0
888 | 28, 20 -> 19 | 4, 1
889 | 5, 6 -> 3 | 1, 0
890 | 1, 17 -> 26 | 3, 0
891 | 1, 18 -> 15 | 4, 1
892 | 3, 5 -> 20 | 1, 2
893 | 1, 7 -> 2 | 5, 0
894 | 19, 5 -> 28 | 8, 0
895 | 17, 28 -> 26 | 3, 1
896 | 28, 30 -> 20 | 3, 0
897 | 5, 18 -> 27 | 4, 0
898 | 18, 2 -> 13 | 1, 1
899 | 2, 2 -> 17 | 10, 0
900 | 22, 27 -> 12 | 7, 0
901 | 13, 13 -> 16 | 4, 0
902 | 12, 15 -> 12 | 2, 0
903 | 20, 30 -> 10 | 10, 0
904 | 20, 10 -> 28 | 5, 0
905 | 8, 2 -> 19 | 3, 0
906 | 10, 28 -> 26 | 7, 0
907 | 27, 27 -> 7 | 3, 0
908 | 13, 20 -> 8 | 7, 0
909 | 26, 13 -> 27 | 8, 0
910 | 26, 16 -> 16 | 1, 0
911 | 12, 17 -> 4 | 4, 0
912 | 19, 14 -> 31 | 6, 0
913 | 19, 10 -> 23 | 5, 0
914 | 31, 28 -> 28 | 4, 0
915 | 23, 23 -> 9 | 5, 0
916 | 8, 31 -> 26 | 7, 0
917 | 23, 7 -> 11 | 8, 0
918 | 1, 13 -> 12 | 4, 1
919 | 25, 31 -> 3 | 9, 0
920 | 27, 4 -> 27 | 5, 0
921 | 28, 26 -> 7 | 9, 0
922 | 31, 7 -> 3 | 7, 0
923 | 0, 28 -> 21 | 4, 0
924 | 7, 27 -> 23 | 4, 0
925 | 11, 18 -> 1 | 6, 0
926 | 3, 21 -> 2 | 5, 0
927 | 3, 11 -> 23 | 2, 0
928 | 2, 19 -> 1 | 6, 0
929 | 25, 26 -> 29 | 3, 1
930 | 27, 7 -> 30 | 4, 0
931 | 3, 27 -> 9 | 10, 0
932 | 3, 1 -> 5 | 10, 0
933 | 30, 10 -> 14 | 2, 2
934 | 14, 14 -> 20 | 5, 0
935 | 28, 4 -> 4 | 2, 0
936 | 23, 1 -> 26 | 3, 0
937 | 5, 20 -> 17 | 2, 0
938 | 12, 4 -> 5 | 7, 0
939 | 1, 5 -> 19 | 2, 0
940 | 14, 19 -> 28 | 4, 1
941 | 17, 26 -> 22 | 3, 0
942 | 22, 9 -> 11 | 5, 0
943 | 5, 20 -> 16 | 6, 0
944 | 4, 18 -> 24 | 4, 0
945 | 26, 4 -> 29 | 7, 0
946 | 16, 13 -> 5 | 3, 0
947 | 0, 24 -> 12 | 10, 0
948 | 25, 5 -> 10 | 2, 0
949 | 28, 2 -> 29 | 7, 0
950 | 11, 28 -> 24 | 5, 0
951 | 19, 11 -> 7 | 3, 0
952 | 21, 29 -> 2 | 4, 0
953 | 4, 11 -> 27 | 5, 0
954 | 29, 29 -> 20 | 3, 0
955 | 11, 2 -> 29 | 4, 0
956 | 20, 27 -> 23 | 6, 0
957 | 18, 2 -> 7 | 1, 0
958 | 14, 7 -> 15 | 7, 0
959 | 6, 14 -> 13 | 1, 0
960 | 2, 5 -> 8 | 4, 0
961 | 23, 8 -> 29 | 10, 0
962 | 24, 31 -> 18 | 4, 2
963 | 23, 29 -> 23 | 6, 0
964 | 8, 20 -> 2 | 6, 0
965 | 2, 8 -> 22 | 7, 0
966 | 28, 15 -> 25 | 2, 0
967 | 11, 15 -> 24 | 3, 0
968 | 2, 18 -> 7 | 8, 0
969 | 7, 11 -> 27 | 3, 0
970 | 7, 27 -> 29 | 7, 0
971 | 27, 7 -> 25 | 4, 1
972 | 24, 26 -> 13 | 1, 1
973 | 18, 27 -> 7 | 1, 0
974 | 7, 31 -> 23 | 6, 0
975 | 24, 23 -> 31 | 5, 0
976 | 23, 22 -> 13 | 1, 1
977 | 31, 27 -> 26 | 1, 0
978 | 22, 7 -> 2 | 7, 0
979 | 17, 0 -> 27 | 4, 0
980 | 25, 31 -> 21 | 10, 0
981 | 13, 29 -> 13 | 10, 0
982 | 1, 25 -> 21 | 3, 0
983 | 30, 25 -> 2 | 1, 0
984 | 2, 15 -> 1 | 3, 0
985 | 15, 14 -> 24 | 9, 0
986 | 20, 9 -> 31 | 2, 0
987 | 23, 22 -> 5 | 3, 0
988 | 18, 1 -> 17 | 8, 0
989 | 5, 17 -> 13 | 2, 0
990 | 17, 5 -> 30 | 1, 0
991 | 13, 29 -> 17 | 8, 0
992 | 7, 13 -> 26 | 1, 0
993 | 5, 30 -> 25 | 9, 0
994 | 20, 8 -> 30 | 7, 0
995 | 28, 13 -> 20 | 3, 0
996 | 23, 15 -> 23 | 2, 0
997 | 26, 19 -> 11 | 4, 2
998 | 10, 23 -> 12 | 3, 0
999 | 11, 0 -> 3 | 7, 0
1000 | 23, 3 -> 28 | 8, 0
1001 | 30, 11 -> 19 | 6, 0
1002 | 23, 8 -> 29 | 5, 0
1003 | 12, 13 -> 14 | 5, 0
1004 | 23, 30 -> 30 | 1, 1
1005 | 20, 12 -> 9 | 7, 0
1006 | 11, 10 -> 17 | 1, 0
1007 | 28, 21 -> 13 | 9, 0
1008 | 5, 9 -> 10 | 3, 0
1009 | 19, 18 -> 30 | 10, 0
1010 | 3, 9 -> 21 | 1, 0
1011 | 21, 19 -> 27 | 4, 0
1012 | 27, 9 -> 24 | 2, 0
1013 | 30, 30 -> 14 | 8, 0
1014 | 23, 21 -> 3 | 2, 0
1015 | 13, 26 -> 22 | 7, 0
1016 | 15, 27 -> 11 | 6, 0
1017 | 28, 30 -> 19 | 1, 0
1018 | 3, 11 -> 29 | 8, 0
1019 | 28, 26 -> 18 | 2, 1
1020 | 5, 27 -> 27 | 6, 0
1021 | 24, 3 -> 8 | 3, 2
1022 | 22, 17 -> 12 | 4, 0
1023 | 22, 22 -> 31 | 6, 0
1024 | 8, 19 -> 25 | 4, 0
1025 | 18, 15 -> 21 | 9, 0
1026 | 12, 20 -> 1 | 4, 1
1027 | 23, 31 -> 19 | 5, 0
1028 | 12, 27 -> 19 | 7, 0
1029 | 19, 19 -> 19 | 7, 0
1030 | 20, 8 -> 26 | 10, 0
1031 | 31, 30 -> 25 | 6, 0
1032 | 25, 18 -> 22 | 3, 0
1033 | 28, 13 -> 10 | 10, 0
1034 | 26, 25 -> 11 | 3, 1
1035 | 25, 22 -> 14 | 2, 0
1036 | 31, 11 -> 10 | 9, 0
1037 | 1, 18 -> 25 | 9, 0
1038 | 25, 11 -> 11 | 7, 0
1039 | 26, 22 -> 10 | 3, 1
1040 | 26, 26 -> 11 | 3, 2
1041 | 1, 26 -> 17 | 1, 0
1042 | 21, 11 -> 16 | 3, 0
1043 | 25, 6 -> 8 | 4, 0
1044 | 26, 26 -> 22 | 6, 0
1045 | 23, 12 -> 22 | 7, 0
1046 | 14, 10 -> 2 | 3, 1
1047 | 8, 8 -> 31 | 2, 0
1048 | 22, 8 -> 10 | 6, 0
1049 | 11, 17 -> 7 | 6, 0
1050 | 17, 12 -> 7 | 2, 0
1051 | 29, 14 -> 20 | 6, 0
1052 | 6, 17 -> 24 | 6, 0
1053 | 26, 16 -> 2 | 7, 0
1054 | 29, 31 -> 10 | 1, 0
1055 | 24, 31 -> 22 | 4, 0
1056 | 4, 5 -> 17 | 1, 0
1057 | 1, 31 -> 15 | 5, 0
1058 | 15, 8 -> 9 | 5, 0
1059 | 22, 13 -> 8 | 3, 1
1060 | 2, 8 -> 14 | 1, 0
1061 | 8, 20 -> 27 | 1, 0
1062 | 8, 10 -> 6 | 2, 1
1063 | 17, 27 -> 8 | 3, 1
1064 | 10, 27 -> 17 | 1, 0
1065 | 27, 8 -> 2 | 1, 0
1066 | 15, 6 -> 25 | 4, 0
1067 | 22, 9 -> 6 | 2, 1
1068 | 7, 28 -> 4 | 3, 1
1069 | 9, 3 -> 21 | 1, 0
1070 | 8, 6 -> 11 | 7, 0
1071 | 6, 2 -> 17 | 7, 0
1072 | 6, 5 -> 15 | 4, 1
1073 | 11, 6 -> 2 | 1, 0
1074 | 2, 18 -> 28 | 6, 0
1075 | 15, 15 -> 15 | 8, 0
1076 | 28, 21 -> 4 | 8, 0
1077 | 3, 2 -> 3 | 8, 0
1078 | 30, 8 -> 4 | 1, 0
1079 | 28, 3 -> 19 | 6, 0
1080 | 2, 6 -> 27 | 9, 0
1081 | 19, 21 -> 1 | 2, 2
1082 | 21, 28 -> 4 | 4, 0
1083 | 3, 27 -> 29 | 5, 0
1084 | 17, 28 -> 26 | 5, 0
1085 | 15, 2 -> 6 | 8, 0
1086 | 4, 11 -> 13 | 5, 0
1087 | 19, 9 -> 25 | 1, 0
1088 | 29, 19 -> 11 | 7, 0
1089 | 8, 29 -> 23 | 9, 0
1090 | 13, 26 -> 22 | 5, 0
1091 | 26, 13 -> 3 | 5, 0
1092 | 13, 25 -> 27 | 6, 0
1093 | 3, 7 -> 19 | 2, 1
1094 | 6, 26 -> 28 | 4, 0
1095 | 13, 21 -> 15 | 3, 1
1096 | 28, 22 -> 26 | 5, 0
1097 | 12, 20 -> 10 | 10, 0
1098 | 10, 3 -> 12 | 7, 0
1099 | 28, 26 -> 28 | 9, 0
1100 | 10, 12 -> 18 | 4, 0
1101 | 3, 3 -> 31 | 10, 0
1102 | 31, 18 -> 1 | 3, 0
1103 | 1, 8 -> 10 | 2, 0
1104 | 31, 26 -> 21 | 5, 0
1105 | 1, 26 -> 13 | 5, 0
1106 | 26, 1 -> 13 | 2, 0
1107 | 15, 6 -> 25 | 9, 0
1108 | 7, 26 -> 4 | 6, 0
1109 | 31, 25 -> 4 | 7, 0
1110 | 16, 13 -> 24 | 2, 0
1111 | 10, 29 -> 15 | 1, 0
1112 | 21, 6 -> 24 | 1, 0
1113 | 31, 21 -> 25 | 10, 0
1114 | 13, 24 -> 26 | 2, 0
1115 | 27, 1 -> 10 | 9, 0
1116 | 1, 25 -> 30 | 3, 0
1117 | 28, 0 -> 30 | 4, 0
1118 | 25, 9 -> 13 | 3, 0
1119 | 21, 25 -> 31 | 5, 0
1120 | 10, 19 -> 18 | 8, 0
1121 | 2, 13 -> 22 | 3, 0
1122 | 24, 22 -> 23 | 8, 0
1123 | 25, 30 -> 16 | 7, 0
1124 | 16, 2 -> 30 | 4, 2
1125 | 18, 5 -> 15 | 9, 0
1126 | 19, 10 -> 12 | 4, 0
1127 | 4, 13 -> 12 | 9, 0
1128 | 16, 14 -> 8 | 1, 0
1129 | 16, 31 -> 14 | 9, 0
1130 | 30, 10 -> 16 | 5, 0
1131 | 14, 31 -> 11 | 9, 0
1132 | 31, 14 -> 9 | 10, 0
1133 | 7, 22 -> 12 | 7, 0
1134 | 9, 21 -> 11 | 6, 0
1135 | 9, 11 -> 19 | 2, 0
1136 | 14, 6 -> 1 | 7, 0
1137 | 16, 1 -> 3 | 5, 0
1138 | 23, 8 -> 30 | 7, 0
1139 | 16, 1 -> 12 | 5, 0
1140 | 11, 12 -> 8 | 9, 0
1141 | 6, 19 -> 3 | 5, 0
1142 | 12, 29 -> 15 | 3, 0
1143 | 17, 21 -> 27 | 5, 0
1144 | 11, 8 -> 3 | 1, 0
1145 | 9, 19 -> 11 | 7, 0
1146 | 18, 11 -> 22 | 2, 1
1147 | 30, 11 -> 23 | 3, 1
1148 | 23, 3 -> 8 | 8, 0
1149 | 23, 14 -> 4 | 2, 0
1150 | 8, 3 -> 16 | 7, 0
1151 | 8, 27 -> 6 | 2, 0
1152 | 3, 8 -> 22 | 3, 0
1153 | 11, 3 -> 13 | 10, 0
1154 | 31, 11 -> 10 | 10, 0
1155 | 10, 6 -> 20 | 4, 0
1156 | 4, 8 -> 14 | 3, 0
1157 | 6, 21 -> 3 | 2, 2
1158 | 29, 14 -> 19 | 4, 1
1159 | 16, 8 -> 7 | 6, 0
1160 | 14, 16 -> 7 | 5, 0
1161 | 7, 20 -> 24 | 9, 0
1162 | 14, 7 -> 1 | 7, 0
1163 | 26, 22 -> 27 | 10, 0
1164 | 9, 24 -> 27 | 8, 0
1165 | 19, 29 -> 1 | 6, 0
1166 | 27, 0 -> 17 | 2, 0
1167 | 30, 5 -> 26 | 5, 0
1168 | 17, 15 -> 13 | 2, 0
1169 | 0, 26 -> 23 | 10, 0
1170 | 19, 0 -> 3 | 4, 0
1171 | 1, 25 -> 28 | 4, 1
1172 | 31, 26 -> 17 | 2, 1
1173 | 1, 27 -> 23 | 4, 0
1174 | 26, 14 -> 14 | 7, 0
1175 | 23, 27 -> 4 | 2, 0
1176 | 2, 23 -> 27 | 9, 0
1177 | 1, 23 -> 9 | 6, 0
1178 | 11, 13 -> 15 | 3, 1
1179 | 4, 13 -> 22 | 10, 0
1180 | 23, 8 -> 3 | 2, 1
1181 | 8, 10 -> 16 | 9, 0
1182 | 4, 30 -> 1 | 4, 0
1183 | 8, 9 -> 11 | 1, 0
1184 | 22, 31 -> 22 | 2, 1
1185 | 27, 16 -> 27 | 3, 0
1186 | 4, 22 -> 1 | 10, 0
1187 | 11, 24 -> 17 | 1, 1
1188 | 4, 19 -> 3 | 2, 0
1189 | 11, 4 -> 28 | 7, 0
1190 | 1, 9 -> 4 | 4, 0
1191 | 22, 16 -> 6 | 5, 0
1192 | 28, 3 -> 16 | 3, 0
1193 | 4, 6 -> 16 | 6, 0
1194 | 5, 4 -> 19 | 1, 0
1195 | 16, 22 -> 25 | 3, 1
1196 | 27, 28 -> 12 | 7, 0
1197 | 17, 19 -> 25 | 1, 0
1198 | 13, 1 -> 13 | 4, 0
1199 | 28, 25 -> 16 | 7, 0