0 | 5, 31 -> 25 | 1, 0
1 | 25, 23 -> 11 | 3, 0
2 | 11, 26 -> 30 | 6, 0
3 | 25, 16 -> 22 | 6, 0
4 | 25, 22 -> 12 | 3, 0
5 | 12, 18 -> 4 | 5, 0
6 | 23, 12 -> 17 | 6, 0
7 | 1, 15 -> 20 | 3, 0
8 | 5, 30 -> 17 | 5, 0
9 | 19, 24 -> 16 | 5, 0
10 | 22, 17 -> 25 | 6, 0
11 | 12, 19 -> 12 | 4, 0
12 | 4, 3 -> 6 | 6, 0
13 | 6, 15 -> 26 | 5, 0
14 | 28, 25 -> 26 | 3, 1
15 | 26, 12 -> 24 | 4, 0
16 | 26, 25 -> 4 | 3, 0
17 | 12, 12 -> 9 | 4, 0
18 | 17, 30 -> 16 | 4, 0
19 | 6, 20 -> 12 | 5, 0
20 | 24, 26 -> 13 | 6, 0
21 | 18, 28 -> 31 | 1, 2
22 | 23, 16 -> 28 | 2, 0
23 | 13, 27 -> 26 | 5, 0
24 | 13, 31 -> 12 | 6, 0
25 | 20, 16 -> 22 | 1, 1
26 | 28, 22 -> 21 | 2, 1
27 | 5, 31 -> 30 | 6, 0
28 | 28, 28 -> 5 | 2, 0
29 | 28, 22 -> 15 | 4, 0
30 | 4, 18 -> 12 | 1, 0
31 | 5, 30 -> 14 | 3, 0
32 | 14, 30 -> 21 | 6, 0
33 | 14, 21 -> 2 | 6, 0
34 | 13, 21 -> 29 | 1, 1
35 | 2, 14 -> 21 | 1, 1
36 | 21, 15 -> 5 | 6, 0
37 | 14, 14 -> 31 | 5, 0
38 | 8, 5 -> 25 | 2, 0
39 | 0, 24 -> 7 | 4, 0
40 | 7, 21 -> 18 | 2, 0
41 | 23, 7 -> 5 | 6, 0
42 | 5, 5 -> 16 | 1, 0
43 | 6, 2 -> 2 | 4, 0
44 | 7, 18 -> 3 | 6, 0
45 | 3, 7 -> 15 | 1, 0
46 | 11, 15 -> 25 | 6, 0
47 | 5, 2 -> 8 | 6, 0
48 | 13, 8 -> 9 | 6, 0
49 | 21, 5 -> 19 | 1, 0
50 | 3, 19 -> 12 | 3, 0
51 | 12, 12 -> 1 | 4, 0
52 | 19, 8 -> 20 | 2, 0
53 | 9, 8 -> 13 | 4, 0
54 | 30, 16 -> 5 | 1, 0
55 | 1, 13 -> 19 | 1, 1
56 | 19, 20 -> 16 | 5, 0
57 | 30, 1 -> 29 | 4, 0
58 | 0, 19 -> 11 | 3, 0
59 | 23, 16 -> 6 | 2, 1
60 | 5, 16 -> 5 | 2, 0
61 | 5, 29 -> 30 | 3, 0
62 | 24, 4 -> 9 | 1, 0
63 | 9, 7 -> 26 | 1, 0
64 | 11, 13 -> 12 | 6, 0
65 | 15, 26 -> 8 | 4, 0
66 | 29, 8 -> 15 | 2, 0
67 | 9, 16 -> 30 | 1, 1
68 | 1, 9 -> 15 | 1, 0
69 | 9, 26 -> 11 | 3, 1
70 | 15, 8 -> 24 | 1, 0
71 | 9, 30 -> 12 | 2, 1
72 | 30, 15 -> 4 | 2, 0
73 | 10, 24 -> 26 | 3, 0
74 | 15, 28 -> 18 | 6, 0
75 | 15, 0 -> 17 | 4, 0
76 | 16, 17 -> 11 | 3, 2
77 | 18, 12 -> 10 | 3, 0
78 | 4, 10 -> 3 | 3, 0
79 | 22, 26 -> 8 | 5, 0
80 | 7, 5 -> 14 | 2, 1
81 | 17, 14 -> 16 | 5, 0
82 | 16, 11 -> 12 | 4, 0
83 | 6, 26 -> 29 | 3, 0
84 | 8, 3 -> 17 | 1, 1
85 | 16, 29 -> 22 | 1, 0
86 | 14, 12 -> 13 | 6, 0
87 | 13, 29 -> 15 | 3, 0
88 | 15, 24 -> 5 | 3, 0
89 | 0, 15 -> 18 | 4, 1
90 | 5, 15 -> 25 | 2, 0
91 | 25, 20 -> 29 | 6, 0
92 | 15, 18 -> 31 | 2, 0
93 | 7, 29 -> 13 | 3, 0
94 | 5, 18 -> 28 | 2, 0
95 | 26, 25 -> 24 | 1, 1
96 | 23, 16 -> 30 | 3, 0
97 | 29, 3 -> 14 | 2, 0
98 | 13, 15 -> 4 | 5, 0
99 | 28, 24 -> 26 | 4, 0
100 | 30, 26 -> 20 | 1, 1
101 | 22, 10 -> 30 | 5, 0
102 | 14, 1 -> 12 | 2, 0
103 | 16, 16 -> 27 | 3, 0
104 | 0, 26 -> 10 | 3, 0
105 | 20, 0 -> 25 | 1, 2
106 | 30, 12 -> 7 | 2, 0
107 | 7, 17 -> 14 | 4, 0
108 | 25, 17 -> 27 | 5, 0
109 | 14, 10 -> 30 | 6, 0
110 | 30, 4 -> 24 | 2, 1
111 | 24, 7 -> 16 | 6, 0
112 | 24, 0 -> 8 | 5, 0
113 | 9, 1 -> 10 | 2, 1
114 | 26, 31 -> 3 | 5, 0
115 | 10, 12 -> 21 | 3, 0
116 | 24, 21 -> 15 | 3, 0
117 | 10, 15 -> 21 | 3, 0
118 | 25, 8 -> 14 | 2, 0
119 | 16, 29 -> 17 | 5, 0
120 | 17, 21 -> 15 | 2, 0
121 | 15, 2 -> 16 | 3, 0
122 | 17, 16 -> 30 | 2, 0
123 | 15, 21 -> 17 | 1, 0
124 | 0, 14 -> 7 | 4, 0
125 | 1, 20 -> 30 | 5, 0
126 | 24, 3 -> 2 | 5, 0
127 | 15, 30 -> 10 | 2, 0
128 | 22, 2 -> 6 | 4, 1
129 | 6, 2 -> 12 | 4, 0
130 | 6, 30 -> 19 | 6, 0
131 | 2, 12 -> 2 | 1, 0
132 | 27, 25 -> 4 | 4, 0
133 | 6, 11 -> 4 | 1, 0
134 | 13, 10 -> 8 | 1, 0
135 | 4, 2 -> 13 | 4, 1
136 | 7, 8 -> 1 | 3, 1
137 | 13, 4 -> 31 | 3, 0
138 | 13, 7 -> 30 | 4, 0
139 | 4, 1 -> 19 | 3, 0
140 | 6, 14 -> 21 | 5, 0
141 | 30, 31 -> 21 | 4, 0
142 | 12, 31 -> 28 | 1, 0
143 | 31, 2 -> 3 | 1, 0
144 | 3, 21 -> 1 | 2, 0
145 | 1, 3 -> 8 | 5, 0
146 | 19, 19 -> 11 | 4, 0
147 | 11, 10 -> 28 | 4, 0
148 | 27, 3 -> 19 | 3, 0
149 | 30, 0 -> 21 | 3, 0