0 | 8, 4 -> 9 | 1, 0
1 | 9, 9 -> 26 | 2, 0
2 | 26, 24 -> 14 | 5, 0
3 | 0, 17 -> 24 | 2, 0
4 | 6, 1 -> 1 | 1, 0
5 | 0, 24 -> 22 | 2, 0
6 | 1, 14 -> 31 | 4, 0
7 | 22, 22 -> 25 | 4, 0
8 | 1, 24 -> 30 | 6, 0
9 | 24, 18 -> 4 | 6, 0
10 | 1, 27 -> 17 | 6, 0
11 | 30, 31 -> 28 | 5, 0
12 | 28, 31 -> 26 | 4, 0
13 | 28, 25 -> 25 | 6, 0
14 | 5, 4 -> 4 | 2, 0
15 | 28, 30 -> 1 | 4, 0
16 | 17, 25 -> 21 | 2, 0
17 | 1, 12 -> 18 | 5, 0
18 | 25, 25 -> 12 | 4, 0
19 | 0, 25 -> 17 | 2, 0
20 | 1, 17 -> 16 | 3, 0
21 | 12, 26 -> 16 | 3, 0
22 | 16, 21 -> 26 | 5, 0
23 | 18, 16 -> 21 | 2, 0
24 | 11, 16 -> 2 | 6, 0
25 | 2, 26 -> 8 | 3, 0
26 | 16, 21 -> 3 | 2, 0
27 | 26, 17 -> 21 | 6, 0
28 | 16, 2 -> 4 | 1, 0
29 | 3, 21 -> 9 | 1, 0
30 | 2, 4 -> 31 | 5, 0
31 | 31, 21 -> 5 | 1, 0
32 | 10, 21 -> 22 | 4, 0
33 | 5, 28 -> 8 | 5, 0
34 | 25, 20 -> 22 | 6, 0
35 | 4, 8 -> 29 | 1, 0
36 | 29, 8 -> 24 | 2, 0
37 | 22, 5 -> 29 | 1, 0
38 | 13, 29 -> 6 | 6, 0
39 | 2, 24 -> 4 | 2, 0
40 | 27, 31 -> 4 | 6, 0
41 | 22, 29 -> 20 | 4, 0
42 | 1, 6 -> 26 | 5, 0
43 | 21, 4 -> 22 | 1, 0
44 | 22, 31 -> 25 | 5, 0
45 | 6, 22 -> 6 | 2, 0
46 | 13, 22 -> 20 | 5, 0
47 | 23, 20 -> 10 | 2, 0
48 | 31, 22 -> 25 | 1, 0
49 | 6, 10 -> 27 | 2, 0
50 | 6, 24 -> 3 | 5, 0
51 | 5, 23 -> 29 | 3, 0
52 | 7, 27 -> 4 | 1, 0
53 | 0, 0 -> 3 | 4, 0
54 | 3, 25 -> 14 | 2, 0
55 | 3, 10 -> 24 | 1, 0
56 | 4, 18 -> 18 | 3, 0
57 | 20, 29 -> 11 | 1, 0
58 | 24, 20 -> 15 | 4, 0
59 | 15, 18 -> 20 | 4, 0
60 | 15, 30 -> 22 | 3, 0
61 | 18, 20 -> 8 | 3, 0
62 | 20, 15 -> 3 | 6, 0
63 | 21, 24 -> 31 | 3, 0