0 | 15, 8 -> 12 | 4, 0
1 | 4, 30 -> 9 | 2, 0
2 | 30, 30 -> 13 | 2, 0
3 | 9, 24 -> 24 | 1, 0
4 | 4, 2 -> 10 | 1, 0
5 | 17, 24 -> 23 | 4, 0
6 | 28, 8 -> 29 | 3, 0
7 | 23, 16 -> 31 | 4, 0
8 | 19, 24 -> 19 | 3, 0
9 | 26, 21 -> 22 | 1, 0
10 | 10, 20 -> 31 | 1, 0
11 | 13, 17 -> 10 | 1, 0
12 | 13, 31 -> 14 | 2, 0
13 | 23, 7 -> 2 | 1, 0
14 | 21, 17 -> 17 | 2, 0
15 | 19, 2 -> 20 | 1, 0
16 | 26, 16 -> 5 | 1, 0
17 | 21, 8 -> 29 | 4, 0
18 | 24, 6 -> 20 | 3, 0
19 | 15, 27 -> 9 | 3, 0
20 | 0, 20 -> 1 | 4, 0
21 | 8, 22 -> 15 | 3, 0
22 | 22, 17 -> 24 | 4, 0
23 | 15, 1 -> 31 | 3, 0
24 | 29, 20 -> 6 | 3, 0
25 | 23, 16 -> 10 | 4, 0
26 | 10, 8 -> 10 | 2, 0
27 | 17, 11 -> 22 | 4, 0
28 | 6, 5 -> 31 | 3, 0
29 | 14, 10 -> 3 | 3, 0
30 | 13, 28 -> 9 | 2, 0
31 | 2, 12 -> 11 | 2, 0
32 | 21, 5 -> 26 | 3, 0
33 | 26, 17 -> 15 | 3, 0
34 | 18, 26 -> 2 | 4, 0
35 | 0, 27 -> 18 | 2, 0
36 | 29, 18 -> 18 | 3, 0
37 | 4, 18 -> 4 | 2, 0
38 | 12, 12 -> 29 | 4, 0
39 | 0, 7 -> 6 | 3, 0
40 | 1, 26 -> 2 | 1, 0
41 | 16, 30 -> 26 | 1, 0
42 | 12, 29 -> 6 | 2, 0
43 | 8, 0 -> 16 | 4, 0
44 | 11, 27 -> 2 | 4, 0
45 | 0, 8 -> 2 | 1, 0
46 | 1, 5 -> 17 | 4, 0
47 | 20, 31 -> 21 | 4, 0
48 | 23, 21 -> 14 | 1, 0
49 | 14, 24 -> 26 | 1, 0
50 | 2, 24 -> 21 | 1, 0
51 | 27, 5 -> 16 | 3, 0
52 | 26, 15 -> 7 | 3, 0
53 | 4, 14 -> 14 | 2, 0
54 | 20, 16 -> 4 | 4, 0
55 | 24, 20 -> 19 | 1, 0
56 | 0, 15 -> 25 | 4, 0
57 | 4, 24 -> 6 | 1, 0
58 | 7, 4 -> 22 | 4, 0
59 | 18, 5 -> 2 | 2, 0
60 | 5, 3 -> 2 | 3, 0
61 | 11, 15 -> 6 | 2, 0
62 | 25, 25 -> 31 | 3, 0
63 | 5, 15 -> 30 | 4, 0
64 | 10, 30 -> 5 | 4, 0
65 | 9, 31 -> 24 | 4, 0
66 | 28, 11 -> 5 | 3, 0
67 | 9, 20 -> 30 | 2, 0
68 | 18, 26 -> 20 | 3, 0
69 | 19, 26 -> 26 | 4, 0
70 | 23, 30 -> 25 | 2, 0
71 | 30, 13 -> 15 | 1, 0
72 | 4, 25 -> 26 | 1, 0
73 | 14, 4 -> 31 | 2, 0
74 | 15, 16 -> 5 | 2, 0
75 | 2, 16 -> 6 | 1, 0
76 | 27, 23 -> 3 | 1, 0
77 | 13, 2 -> 12 | 4, 0
78 | 21, 24 -> 11 | 4, 0
79 | 4, 31 -> 13 | 2, 0
80 | 7, 4 -> 22 | 4, 0
81 | 4, 6 -> 17 | 3, 0
82 | 23, 18 -> 22 | 3, 0
83 | 15, 7 -> 22 | 4, 0
84 | 3, 11 -> 21 | 2, 0
85 | 29, 19 -> 5 | 3, 0
86 | 26, 11 -> 15 | 4, 0
87 | 11, 6 -> 23 | 2, 0
88 | 25, 17 -> 9 | 4, 0
89 | 21, 30 -> 9 | 2, 0
90 | 22, 25 -> 15 | 1, 0
91 | 7, 6 -> 22 | 1, 0
92 | 7, 12 -> 19 | 4, 0
93 | 25, 8 -> 19 | 2, 0
94 | 12, 10 -> 19 | 2, 0
95 | 16, 18 -> 1 | 4, 0
96 | 24, 19 -> 21 | 4, 0
97 | 19, 30 -> 1 | 2, 0
98 | 0, 16 -> 22 | 2, 0
99 | 29, 13 -> 2 | 4, 0
100 | 17, 9 -> 5 | 4, 0
101 | 3, 30 -> 8 | 1, 0
102 | 1, 20 -> 11 | 3, 0
103 | 8, 29 -> 20 | 1, 0
104 | 21, 13 -> 30 | 1, 0
105 | 27, 14 -> 16 | 3, 0
106 | 30, 12 -> 23 | 2, 0
107 | 30, 27 -> 7 | 4, 0
108 | 29, 25 -> 15 | 2, 0
109 | 2, 23 -> 28 | 3, 0
110 | 23, 14 -> 1 | 2, 0
111 | 23, 19 -> 18 | 2, 0
112 | 1, 25 -> 17 | 2, 0
113 | 8, 7 -> 15 | 4, 0
114 | 1, 20 -> 14 | 1, 0
115 | 3, 2 -> 13 | 4, 0
116 | 7, 24 -> 16 | 2, 0
117 | 7, 7 -> 20 | 1, 0
118 | 18, 29 -> 26 | 3, 0
119 | 17, 7 -> 21 | 3, 0
120 | 3, 5 -> 19 | 1, 0
121 | 12, 13 -> 17 | 1, 0
122 | 12, 21 -> 7 | 4, 0
123 | 30, 2 -> 13 | 3, 0
124 | 25, 15 -> 6 | 4, 0
125 | 1, 25 -> 6 | 4, 0
126 | 22, 23 -> 26 | 4, 0
127 | 28, 30 -> 12 | 3, 0
128 | 24, 2 -> 5 | 2, 0
129 | 1, 5 -> 25 | 1, 0
130 | 3, 3 -> 15 | 4, 0
131 | 21, 0 -> 3 | 2, 0
132 | 6, 19 -> 4 | 4, 0
133 | 30, 3 -> 5 | 2, 0
134 | 0, 7 -> 31 | 2, 0
135 | 26, 20 -> 26 | 2, 0
136 | 5, 22 -> 4 | 1, 0
137 | 6, 16 -> 3 | 1, 0
138 | 14, 6 -> 21 | 4, 0
139 | 22, 28 -> 25 | 1, 0
140 | 28, 13 -> 4 | 1, 0
141 | 4, 12 -> 16 | 1, 0
142 | 23, 4 -> 20 | 2, 0
143 | 3, 27 -> 15 | 1, 0
144 | 20, 13 -> 24 | 2, 0
145 | 29, 26 -> 12 | 2, 0
146 | 26, 26 -> 16 | 1, 0
147 | 1, 6 -> 1 | 2, 0
148 | 3, 2 -> 7 | 2, 0
149 | 27, 6 -> 24 | 2, 0
150 | 18, 6 -> 10 | 4, 0
151 | 13, 18 -> 13 | 3, 0
152 | 27, 29 -> 16 | 2, 0
153 | 18, 29 -> 12 | 3, 0
154 | 19, 0 -> 1 | 2, 0
155 | 9, 10 -> 31 | 1, 0
156 | 11, 22 -> 31 | 3, 0
157 | 2, 15 -> 1 | 3, 0
158 | 21, 6 -> 15 | 3, 0
159 | 31, 16 -> 11 | 1, 0
160 | 15, 10 -> 30 | 2, 0
161 | 26, 21 -> 18 | 2, 0
162 | 10, 21 -> 21 | 1, 0
163 | 29, 26 -> 12 | 2, 0
164 | 4, 6 -> 14 | 3, 0
165 | 17, 28 -> 10 | 2, 0
166 | 8, 26 -> 16 | 2, 0
167 | 17, 26 -> 20 | 1, 0
168 | 17, 17 -> 4 | 4, 0
169 | 23, 7 -> 29 | 4, 0
170 | 22, 24 -> 31 | 4, 0
171 | 17, 2 -> 31 | 3, 0
172 | 25, 2 -> 5 | 4, 0
173 | 5, 12 -> 24 | 1, 0
174 | 7, 7 -> 21 | 1, 0
175 | 4, 30 -> 15 | 3, 0
176 | 3, 31 -> 31 | 2, 0
177 | 17, 29 -> 22 | 4, 0
178 | 9, 11 -> 25 | 2, 0
179 | 8, 3 -> 17 | 2, 0
180 | 24, 27 -> 13 | 2, 0
181 | 17, 22 -> 5 | 3, 0
182 | 20, 4 -> 30 | 2, 0
183 | 4, 30 -> 8 | 1, 0
184 | 31, 23 -> 11 | 4, 0
185 | 24, 28 -> 19 | 4, 0
186 | 19, 29 -> 27 | 4, 0
187 | 18, 11 -> 10 | 2, 0
188 | 12, 14 -> 2 | 4, 0
189 | 11, 2 -> 6 | 1, 0
190 | 23, 17 -> 3 | 4, 0
191 | 28, 13 -> 11 | 4, 0
192 | 23, 22 -> 23 | 3, 0
193 | 21, 19 -> 9 | 2, 0
194 | 31, 21 -> 24 | 2, 0
195 | 17, 30 -> 11 | 2, 0
196 | 28, 3 -> 3 | 4, 0
197 | 18, 1 -> 13 | 4, 0
198 | 4, 13 -> 2 | 4, 0
199 | 27, 24 -> 23 | 3, 0
200 | 8, 25 -> 15 | 3, 0
201 | 6, 9 -> 11 | 2, 0
202 | 23, 8 -> 29 | 1, 0
203 | 27, 1 -> 1 | 3, 0
204 | 23, 13 -> 15 | 3, 0
205 | 7, 24 -> 8 | 4, 0
206 | 24, 12 -> 4 | 2, 0
207 | 5, 22 -> 13 | 1, 0
208 | 11, 8 -> 13 | 2, 0
209 | 27, 19 -> 14 | 3, 0
210 | 21, 5 -> 3 | 4, 0
211 | 20, 3 -> 11 | 4, 0
212 | 6, 21 -> 21 | 4, 0
213 | 14, 12 -> 21 | 4, 0
214 | 3, 1 -> 29 | 2, 0
215 | 5, 30 -> 27 | 4, 0
216 | 29, 14 -> 7 | 3, 0
217 | 8, 23 -> 20 | 3, 0
218 | 13, 27 -> 28 | 3, 0
219 | 31, 13 -> 6 | 1, 0
220 | 7, 25 -> 27 | 2, 0
221 | 2, 15 -> 13 | 1, 0
222 | 23, 11 -> 10 | 3, 0
223 | 3, 21 -> 24 | 1, 0
224 | 19, 10 -> 8 | 4, 0
225 | 13, 23 -> 20 | 2, 0
226 | 25, 27 -> 20 | 2, 0
227 | 28, 5 -> 26 | 4, 0
228 | 11, 26 -> 22 | 4, 0
229 | 31, 30 -> 25 | 2, 0
230 | 21, 9 -> 19 | 3, 0
231 | 3, 27 -> 16 | 2, 0
232 | 28, 2 -> 19 | 3, 0
233 | 12, 19 -> 19 | 3, 0
234 | 26, 18 -> 30 | 1, 0
235 | 22, 23 -> 19 | 2, 0
236 | 12, 24 -> 23 | 1, 0
237 | 10, 31 -> 6 | 4, 0
238 | 26, 23 -> 4 | 1, 0
239 | 12, 10 -> 4 | 1, 0
240 | 7, 20 -> 13 | 3, 0
241 | 22, 14 -> 31 | 3, 0
242 | 6, 27 -> 5 | 3, 0
243 | 11, 12 -> 22 | 2, 0
244 | 16, 21 -> 29 | 1, 0
245 | 3, 5 -> 8 | 4, 0
246 | 7, 9 -> 6 | 1, 0
247 | 17, 8 -> 12 | 4, 0
248 | 27, 27 -> 9 | 3, 0
249 | 24, 2 -> 6 | 4, 0
250 | 13, 8 -> 17 | 2, 0
251 | 23, 22 -> 7 | 1, 0
252 | 4, 18 -> 5 | 1, 0
253 | 10, 5 -> 20 | 1, 0
254 | 8, 28 -> 3 | 4, 0
255 | 28, 0 -> 3 | 3, 0
256 | 26, 2 -> 11 | 3, 0
257 | 23, 21 -> 7 | 4, 0
258 | 30, 20 -> 21 | 2, 0
259 | 15, 22 -> 7 | 2, 0
260 | 25, 8 -> 19 | 1, 0
261 | 15, 1 -> 13 | 1, 0
262 | 14, 16 -> 21 | 4, 0
263 | 13, 27 -> 21 | 3, 0
264 | 11, 6 -> 10 | 2, 0
265 | 8, 10 -> 8 | 3, 0
266 | 18, 22 -> 3 | 4, 0
267 | 26, 3 -> 16 | 1, 0
268 | 22, 0 -> 2 | 3, 0
269 | 19, 31 -> 10 | 3, 0
270 | 19, 5 -> 13 | 1, 0
271 | 30, 5 -> 6 | 4, 0
272 | 8, 5 -> 31 | 3, 0
273 | 0, 23 -> 22 | 4, 0
274 | 26, 21 -> 18 | 4, 0
275 | 21, 1 -> 11 | 3, 0
276 | 16, 16 -> 7 | 3, 0
277 | 2, 26 -> 16 | 2, 0
278 | 3, 3 -> 20 | 4, 0
279 | 11, 11 -> 30 | 4, 0
280 | 26, 21 -> 13 | 4, 0
281 | 23, 25 -> 12 | 4, 0
282 | 14, 11 -> 25 | 1, 0
283 | 6, 25 -> 16 | 4, 0
284 | 27, 30 -> 13 | 1, 0
285 | 10, 12 -> 19 | 1, 0
286 | 8, 7 -> 4 | 1, 0
287 | 18, 8 -> 30 | 4, 0
288 | 9, 27 -> 16 | 3, 0
289 | 1, 1 -> 19 | 3, 0
290 | 24, 7 -> 10 | 2, 0
291 | 22, 14 -> 28 | 3, 0
292 | 5, 19 -> 25 | 2, 0
293 | 13, 25 -> 1 | 3, 0
294 | 15, 17 -> 27 | 1, 0
295 | 22, 9 -> 12 | 2, 0
296 | 7, 16 -> 2 | 4, 0
297 | 18, 12 -> 15 | 2, 0
298 | 5, 17 -> 13 | 3, 0
299 | 15, 7 -> 20 | 1, 0
300 | 23, 10 -> 8 | 3, 0
301 | 17, 4 -> 14 | 3, 0
302 | 1, 28 -> 25 | 2, 0
303 | 7, 23 -> 28 | 4, 0
304 | 12, 24 -> 16 | 3, 0
305 | 0, 21 -> 16 | 4, 0
306 | 0, 19 -> 6 | 2, 0
307 | 7, 11 -> 6 | 3, 0
308 | 23, 14 -> 28 | 3, 0
309 | 3, 10 -> 4 | 4, 0
310 | 31, 29 -> 22 | 4, 0
311 | 5, 5 -> 3 | 1, 0
312 | 6, 21 -> 1 | 2, 0
313 | 12, 10 -> 29 | 2, 0
314 | 28, 19 -> 25 | 3, 0
315 | 0, 0 -> 7 | 4, 0
316 | 9, 26 -> 22 | 4, 0
317 | 31, 19 -> 28 | 3, 0
318 | 21, 21 -> 15 | 4, 0
319 | 20, 22 -> 25 | 2, 0
320 | 4, 24 -> 24 | 3, 0
321 | 25, 27 -> 27 | 2, 0
322 | 22, 18 -> 12 | 4, 0
323 | 29, 16 -> 20 | 4, 0
324 | 31, 12 -> 28 | 3, 0
325 | 11, 14 -> 26 | 4, 0
326 | 10, 16 -> 23 | 2, 0
327 | 16, 27 -> 30 | 2, 0
328 | 15, 7 -> 10 | 3, 0
329 | 6, 1 -> 10 | 4, 0
330 | 20, 11 -> 21 | 4, 0
331 | 31, 30 -> 11 | 2, 0
332 | 3, 3 -> 3 | 3, 0
333 | 11, 23 -> 11 | 1, 0
334 | 23, 15 -> 16 | 1, 0
335 | 29, 20 -> 5 | 3, 0
336 | 22, 22 -> 19 | 4, 0
337 | 27, 25 -> 2 | 4, 0
338 | 1, 5 -> 30 | 3, 0
339 | 23, 11 -> 31 | 1, 0
340 | 2, 27 -> 25 | 2, 0
341 | 27, 3 -> 31 | 3, 0
342 | 22, 1 -> 30 | 2, 0
343 | 22, 14 -> 24 | 4, 0
344 | 22, 10 -> 8 | 3, 0
345 | 0, 10 -> 16 | 3, 0
346 | 30, 28 -> 29 | 2, 0
347 | 25, 24 -> 25 | 4, 0
348 | 21, 13 -> 28 | 3, 0
349 | 22, 24 -> 21 | 4, 0
350 | 22, 18 -> 11 | 3, 0
351 | 12, 25 -> 21 | 2, 0
352 | 13, 23 -> 28 | 3, 0
353 | 7, 7 -> 17 | 1, 0
354 | 26, 2 -> 31 | 3, 0
355 | 22, 23 -> 5 | 3, 0
356 | 11, 30 -> 25 | 4, 0
357 | 15, 30 -> 3 | 2, 0
358 | 0, 31 -> 28 | 1, 0
359 | 27, 25 -> 11 | 4, 0
360 | 22, 25 -> 28 | 1, 0
361 | 12, 29 -> 15 | 1, 0
362 | 4, 22 -> 9 | 2, 0
363 | 20, 3 -> 3 | 1, 0
364 | 26, 6 -> 7 | 3, 0
365 | 5, 29 -> 1 | 1, 0
366 | 13, 26 -> 25 | 2, 0
367 | 7, 19 -> 22 | 2, 0
368 | 11, 17 -> 3 | 4, 0
369 | 9, 28 -> 21 | 4, 0
370 | 3, 14 -> 20 | 3, 0
371 | 22, 11 -> 6 | 1, 0
372 | 15, 11 -> 27 | 2, 0
373 | 20, 27 -> 30 | 1, 0
374 | 28, 29 -> 8 | 1, 0
375 | 10, 17 -> 4 | 2, 0
376 | 26, 9 -> 4 | 2, 0
377 | 10, 11 -> 1 | 2, 0
378 | 21, 29 -> 10 | 1, 0
379 | 6, 22 -> 19 | 1, 0
380 | 22, 4 -> 6 | 3, 0
381 | 12, 30 -> 21 | 1, 0
382 | 26, 24 -> 2 | 3, 0
383 | 22, 4 -> 11 | 3, 0
384 | 24, 16 -> 3 | 2, 0
385 | 5, 4 -> 20 | 3, 0
386 | 12, 25 -> 15 | 3, 0
387 | 9, 0 -> 8 | 2, 0
388 | 29, 26 -> 19 | 4, 0
389 | 19, 24 -> 26 | 3, 0
390 | 23, 20 -> 29 | 1, 0
391 | 1, 16 -> 23 | 4, 0
392 | 14, 30 -> 6 | 1, 0
393 | 31, 28 -> 10 | 1, 0
394 | 18, 18 -> 3 | 2, 0
395 | 12, 2 -> 16 | 4, 0
396 | 24, 27 -> 26 | 1, 0
397 | 0, 26 -> 15 | 1, 0
398 | 11, 7 -> 22 | 3, 0
399 | 22, 19 -> 12 | 1, 0