0 | 16, 22 -> 26 | 12, 0
1 | 1, 15 -> 21 | 3, 0
2 | 26, 24 -> 18 | 4, 0
3 | 18, 18 -> 30 | 7, 0
4 | 30, 26 -> 5 | 1, 0
5 | 30, 10 -> 28 | 6, 0
6 | 13, 26 -> 7 | 7, 0
7 | 5, 28 -> 9 | 5, 0
8 | 0, 18 -> 3 | 5, 0
9 | 30, 21 -> 23 | 5, 0
10 | 1, 22 -> 28 | 9, 0
11 | 23, 28 -> 15 | 17, 0
12 | 12, 3 -> 30 | 8, 0
13 | 9, 16 -> 25 | 10, 0
14 | 23, 2 -> 14 | 2, 0
15 | 7, 9 -> 11 | 12, 0
16 | 15, 19 -> 6 | 11, 0
17 | 30, 10 -> 24 | 29, 0
18 | 2, 3 -> 12 | 8, 0
19 | 9, 12 -> 26 | 4, 0
20 | 28, 26 -> 4 | 6, 0
21 | 14, 25 -> 30 | 3, 0
22 | 29, 20 -> 16 | 8, 0
23 | 4, 14 -> 31 | 8, 0
24 | 11, 26 -> 17 | 9, 0
25 | 26, 2 -> 25 | 9, 0
26 | 17, 16 -> 25 | 12, 0
27 | 4, 0 -> 16 | 5, 0
28 | 30, 24 -> 21 | 6, 0
29 | 30, 26 -> 12 | 3, 0
30 | 28, 21 -> 17 | 3, 0
31 | 31, 30 -> 10 | 12, 0
32 | 26, 26 -> 17 | 7, 0
33 | 4, 17 -> 24 | 4, 0
34 | 31, 11 -> 8 | 3, 0
35 | 2, 14 -> 6 | 3, 0
36 | 24, 25 -> 2 | 6, 0
37 | 25, 24 -> 8 | 6, 0
38 | 12, 26 -> 28 | 9, 0
39 | 28, 24 -> 4 | 9, 0
40 | 21, 24 -> 27 | 7, 0
41 | 23, 28 -> 20 | 8, 0
42 | 8, 22 -> 27 | 1, 0
43 | 2, 10 -> 18 | 11, 0
44 | 24, 4 -> 16 | 12, 0
45 | 27, 4 -> 24 | 8, 0
46 | 24, 20 -> 16 | 3, 0
47 | 24, 28 -> 8 | 3, 0
48 | 0, 2 -> 9 | 8, 0
49 | 15, 16 -> 24 | 5, 0
50 | 4, 2 -> 29 | 2, 0
51 | 9, 4 -> 23 | 5, 0
52 | 1, 16 -> 22 | 10, 0
53 | 22, 18 -> 22 | 11, 0
54 | 22, 16 -> 20 | 12, 0
55 | 30, 24 -> 16 | 12, 0
56 | 29, 20 -> 10 | 12, 0
57 | 18, 30 -> 30 | 3, 0
58 | 9, 21 -> 18 | 10, 0
59 | 18, 16 -> 9 | 2, 0
60 | 1, 22 -> 3 | 12, 0
61 | 9, 14 -> 20 | 2, 0
62 | 8, 28 -> 5 | 3, 0
63 | 3, 9 -> 2 | 11, 0
64 | 5, 22 -> 19 | 7, 0
65 | 8, 2 -> 11 | 8, 0
66 | 3, 8 -> 23 | 10, 0
67 | 18, 14 -> 9 | 4, 0
68 | 2, 11 -> 26 | 6, 0
69 | 5, 26 -> 21 | 10, 0
70 | 5, 29 -> 8 | 8, 0
71 | 11, 5 -> 1 | 7, 0
72 | 21, 27 -> 22 | 12, 0
73 | 11, 8 -> 23 | 6, 0
74 | 18, 2 -> 23 | 7, 0
75 | 26, 27 -> 31 | 9, 0
76 | 19, 22 -> 13 | 1, 0
77 | 22, 26 -> 29 | 11, 0
78 | 0, 22 -> 29 | 7, 0
79 | 21, 31 -> 21 | 6, 0
80 | 30, 23 -> 4 | 3, 0
81 | 15, 4 -> 12 | 6, 0
82 | 12, 29 -> 16 | 3, 0
83 | 13, 21 -> 24 | 1, 0
84 | 24, 16 -> 20 | 12, 0
85 | 4, 21 -> 10 | 12, 0
86 | 16, 16 -> 31 | 25, 0
87 | 17, 31 -> 15 | 7, 0
88 | 15, 21 -> 19 | 2, 0
89 | 15, 31 -> 3 | 1, 0
90 | 3, 3 -> 2 | 7, 0
91 | 2, 12 -> 6 | 11, 0
92 | 24, 31 -> 26 | 9, 0
93 | 10, 3 -> 20 | 29, 0
94 | 15, 15 -> 17 | 12, 0
95 | 2, 14 -> 18 | 5, 0
96 | 6, 20 -> 5 | 2, 0
97 | 18, 15 -> 9 | 12, 0
98 | 17, 23 -> 29 | 7, 0
99 | 24, 0 -> 29 | 3, 0
100 | 6, 29 -> 24 | 25, 0
101 | 20, 17 -> 3 | 3, 0
102 | 18, 24 -> 18 | 9, 0
103 | 3, 24 -> 27 | 5, 0
104 | 1, 5 -> 5 | 6, 0
105 | 18, 18 -> 24 | 5, 0
106 | 27, 9 -> 15 | 7, 0
107 | 7, 9 -> 30 | 10, 0
108 | 29, 24 -> 18 | 8, 0
109 | 30, 3 -> 22 | 1, 0
110 | 9, 5 -> 13 | 4, 0
111 | 30, 3 -> 12 | 4, 0
112 | 18, 3 -> 20 | 6, 0
113 | 22, 20 -> 4 | 2, 0
114 | 18, 12 -> 26 | 6, 0
115 | 30, 5 -> 26 | 12, 0
116 | 15, 11 -> 27 | 6, 0
117 | 19, 30 -> 16 | 12, 0
118 | 30, 3 -> 18 | 7, 0
119 | 30, 22 -> 7 | 2, 0
120 | 4, 26 -> 10 | 1, 0
121 | 16, 7 -> 22 | 5, 0
122 | 13, 10 -> 29 | 6, 0
123 | 27, 29 -> 22 | 3, 0
124 | 13, 20 -> 13 | 12, 0
125 | 23, 22 -> 7 | 5, 0
126 | 4, 10 -> 3 | 3, 0
127 | 7, 27 -> 24 | 4, 0
128 | 16, 13 -> 10 | 2, 0
129 | 21, 10 -> 5 | 10, 0
130 | 16, 3 -> 11 | 11, 0
131 | 21, 3 -> 31 | 9, 0
132 | 20, 13 -> 21 | 4, 0
133 | 30, 0 -> 7 | 2, 0
134 | 31, 21 -> 19 | 12, 0
135 | 21, 6 -> 12 | 2, 0
136 | 11, 10 -> 29 | 12, 0
137 | 15, 10 -> 15 | 2, 0
138 | 23, 15 -> 16 | 6, 0
139 | 4, 19 -> 1 | 8, 0
140 | 12, 24 -> 5 | 8, 0
141 | 5, 29 -> 14 | 2, 0
142 | 14, 16 -> 9 | 2, 0
143 | 14, 29 -> 6 | 7, 0
144 | 15, 16 -> 5 | 1, 0
145 | 9, 5 -> 1 | 8, 0
146 | 5, 9 -> 7 | 8, 0
147 | 29, 9 -> 20 | 11, 0
148 | 20, 14 -> 25 | 7, 0
149 | 2, 9 -> 25 | 7, 0
150 | 24, 7 -> 29 | 5, 0
151 | 27, 4 -> 12 | 7, 0
152 | 25, 7 -> 1 | 2, 0
153 | 29, 5 -> 2 | 3, 0
154 | 2, 31 -> 31 | 8, 0
155 | 12, 25 -> 31 | 1, 0
156 | 20, 1 -> 25 | 6, 0
157 | 9, 5 -> 3 | 2, 0
158 | 23, 20 -> 18 | 4, 0
159 | 8, 20 -> 1 | 3, 0
160 | 1, 25 -> 14 | 12, 0
161 | 19, 29 -> 8 | 24, 0
162 | 1, 2 -> 15 | 2, 0
163 | 23, 18 -> 23 | 10, 0
164 | 24, 8 -> 19 | 2, 0
165 | 3, 24 -> 4 | 5, 0
166 | 23, 8 -> 15 | 8, 0
167 | 25, 18 -> 2 | 2, 0
168 | 4, 8 -> 9 | 8, 0
169 | 7, 9 -> 21 | 3, 0
170 | 15, 28 -> 30 | 3, 0
171 | 14, 4 -> 18 | 8, 0
172 | 8, 18 -> 1 | 2, 0
173 | 19, 14 -> 18 | 2, 0
174 | 5, 4 -> 10 | 9, 0
175 | 4, 17 -> 4 | 5, 0
176 | 30, 21 -> 17 | 8, 0
177 | 10, 16 -> 11 | 4, 0
178 | 4, 17 -> 21 | 10, 0
179 | 1, 17 -> 30 | 11, 0
180 | 2, 30 -> 5 | 10, 0
181 | 1, 13 -> 18 | 3, 0
182 | 11, 18 -> 20 | 5, 0
183 | 10, 18 -> 31 | 12, 0
184 | 21, 30 -> 28 | 3, 0
185 | 17, 30 -> 24 | 2, 0
186 | 5, 19 -> 3 | 6, 0
187 | 5, 20 -> 3 | 2, 0
188 | 26, 5 -> 3 | 1, 0
189 | 18, 20 -> 30 | 2, 0
190 | 3, 28 -> 4 | 2, 0
191 | 5, 30 -> 9 | 8, 0
192 | 27, 18 -> 30 | 11, 0
193 | 12, 18 -> 3 | 1, 0
194 | 29, 18 -> 30 | 11, 0
195 | 24, 24 -> 15 | 12, 0
196 | 8, 31 -> 23 | 2, 0
197 | 3, 30 -> 21 | 8, 0
198 | 24, 10 -> 26 | 2, 0
199 | 30, 3 -> 18 | 2, 0
200 | 18, 24 -> 16 | 8, 0
201 | 18, 3 -> 29 | 9, 0
202 | 15, 18 -> 10 | 12, 0
203 | 15, 19 -> 31 | 11, 0
204 | 30, 21 -> 30 | 9, 0
205 | 15, 0 -> 6 | 11, 0
206 | 26, 23 -> 2 | 1, 0
207 | 6, 10 -> 6 | 4, 0
208 | 25, 24 -> 14 | 4, 0
209 | 0, 30 -> 19 | 9, 0
210 | 18, 14 -> 12 | 9, 0
211 | 28, 3 -> 29 | 1, 0
212 | 29, 14 -> 25 | 3, 0
213 | 30, 30 -> 16 | 2, 0
214 | 31, 13 -> 1 | 8, 0
215 | 12, 21 -> 7 | 6, 0
216 | 11, 7 -> 2 | 5, 0
217 | 12, 7 -> 29 | 4, 0
218 | 12, 9 -> 14 | 5, 0
219 | 7, 17 -> 25 | 4, 0
220 | 26, 28 -> 24 | 6, 0
221 | 24, 12 -> 27 | 11, 0
222 | 12, 25 -> 21 | 1, 0
223 | 2, 0 -> 23 | 6, 0
224 | 5, 14 -> 1 | 12, 0
225 | 30, 7 -> 15 | 6, 0
226 | 26, 25 -> 18 | 1, 0
227 | 21, 14 -> 3 | 8, 0
228 | 14, 18 -> 24 | 3, 0
229 | 24, 3 -> 30 | 2, 0
230 | 5, 27 -> 29 | 8, 0
231 | 1, 23 -> 19 | 11, 0
232 | 3, 19 -> 3 | 5, 0
233 | 29, 15 -> 3 | 4, 0
234 | 19, 19 -> 27 | 6, 0
235 | 15, 3 -> 20 | 5, 0
236 | 18, 22 -> 17 | 9, 0
237 | 24, 3 -> 20 | 7, 0
238 | 17, 20 -> 10 | 7, 0
239 | 6, 30 -> 5 | 1, 0
240 | 24, 3 -> 3 | 5, 0
241 | 18, 20 -> 2 | 5, 0
242 | 17, 29 -> 19 | 8, 0
243 | 2, 27 -> 11 | 2, 0
244 | 5, 10 -> 31 | 2, 0
245 | 20, 8 -> 5 | 12, 0
246 | 3, 11 -> 14 | 24, 0
247 | 11, 27 -> 30 | 8, 0
248 | 2, 31 -> 22 | 12, 0
249 | 10, 1 -> 29 | 9, 0
250 | 31, 31 -> 6 | 1, 0
251 | 11, 11 -> 17 | 4, 0
252 | 21, 14 -> 12 | 1, 0
253 | 12, 22 -> 4 | 2, 0
254 | 22, 16 -> 14 | 5, 0
255 | 22, 30 -> 27 | 21, 0
256 | 12, 13 -> 13 | 2, 0
257 | 13, 0 -> 15 | 12, 0
258 | 14, 14 -> 31 | 1, 0
259 | 0, 4 -> 17 | 6, 0
260 | 13, 18 -> 15 | 1, 0
261 | 13, 15 -> 19 | 4, 0
262 | 14, 13 -> 10 | 3, 0
263 | 15, 12 -> 20 | 12, 0
264 | 15, 19 -> 23 | 10, 0
265 | 13, 6 -> 22 | 6, 0
266 | 13, 0 -> 10 | 17, 0
267 | 19, 31 -> 28 | 11, 0
268 | 23, 31 -> 21 | 2, 0
269 | 1, 11 -> 10 | 4, 0
270 | 28, 23 -> 3 | 5, 0
271 | 15, 28 -> 31 | 7, 0
272 | 28, 23 -> 16 | 7, 0
273 | 30, 3 -> 25 | 7, 0
274 | 2, 10 -> 11 | 3, 0
275 | 23, 10 -> 30 | 12, 0
276 | 14, 22 -> 22 | 4, 0
277 | 10, 11 -> 25 | 8, 0
278 | 28, 15 -> 8 | 12, 0
279 | 22, 3 -> 21 | 11, 0
280 | 9, 10 -> 22 | 2, 0
281 | 4, 28 -> 30 | 2, 0
282 | 21, 27 -> 18 | 9, 0
283 | 21, 10 -> 16 | 11, 0
284 | 20, 3 -> 11 | 13, 0
285 | 31, 17 -> 10 | 11, 0
286 | 11, 8 -> 8 | 5, 0
287 | 22, 10 -> 26 | 6, 0
288 | 11, 22 -> 25 | 5, 0
289 | 22, 26 -> 18 | 5, 0
290 | 25, 10 -> 25 | 4, 0
291 | 26, 16 -> 13 | 20, 0
292 | 25, 6 -> 1 | 9, 0
293 | 25, 16 -> 28 | 2, 0
294 | 11, 10 -> 10 | 8, 0
295 | 11, 15 -> 14 | 10, 0
296 | 8, 12 -> 22 | 8, 0
297 | 13, 22 -> 1 | 7, 0
298 | 18, 10 -> 29 | 8, 0
299 | 14, 30 -> 9 | 2, 0
300 | 18, 27 -> 2 | 8, 0
301 | 11, 10 -> 17 | 10, 0
302 | 22, 2 -> 25 | 3, 0
303 | 14, 2 -> 15 | 6, 0
304 | 22, 22 -> 11 | 6, 0
305 | 15, 2 -> 22 | 5, 0
306 | 2, 23 -> 12 | 4, 0
307 | 2, 25 -> 14 | 4, 0
308 | 14, 14 -> 4 | 12, 0
309 | 2, 30 -> 22 | 7, 0
310 | 23, 4 -> 19 | 22, 0
311 | 22, 11 -> 9 | 5, 0
312 | 22, 9 -> 25 | 4, 0
313 | 11, 4 -> 3 | 10, 0
314 | 12, 10 -> 16 | 7, 0
315 | 19, 1 -> 26 | 10, 0
316 | 22, 1 -> 23 | 6, 0
317 | 1, 22 -> 31 | 11, 0
318 | 7, 14 -> 22 | 3, 0
319 | 20, 26 -> 20 | 3, 0
320 | 25, 19 -> 13 | 6, 0
321 | 20, 23 -> 22 | 10, 0
322 | 31, 13 -> 26 | 10, 0
323 | 16, 6 -> 28 | 3, 0
324 | 23, 25 -> 12 | 11, 0
325 | 28, 12 -> 19 | 12, 0
326 | 28, 4 -> 12 | 11, 0
327 | 14, 24 -> 4 | 2, 0
328 | 20, 17 -> 24 | 30, 0
329 | 19, 19 -> 19 | 7, 0
330 | 13, 12 -> 5 | 10, 0
331 | 20, 1 -> 21 | 7, 0
332 | 8, 24 -> 25 | 17, 0
333 | 29, 31 -> 14 | 6, 0
334 | 30, 27 -> 4 | 1, 0
335 | 1, 28 -> 15 | 6, 0
336 | 19, 21 -> 9 | 2, 0
337 | 15, 24 -> 5 | 8, 0
338 | 25, 12 -> 12 | 4, 0
339 | 4, 25 -> 29 | 7, 0
340 | 19, 5 -> 19 | 1, 0
341 | 5, 19 -> 22 | 5, 0
342 | 4, 14 -> 3 | 6, 0
343 | 4, 14 -> 3 | 10, 0
344 | 22, 30 -> 28 | 1, 0
345 | 19, 1 -> 23 | 6, 0
346 | 28, 30 -> 11 | 6, 0
347 | 29, 3 -> 7 | 3, 0
348 | 7, 24 -> 21 | 11, 0
349 | 30, 23 -> 1 | 7, 0
350 | 9, 23 -> 6 | 2, 0
351 | 16, 23 -> 21 | 11, 0
352 | 11, 10 -> 16 | 6, 0
353 | 3, 7 -> 26 | 2, 0
354 | 4, 21 -> 9 | 6, 0
355 | 11, 14 -> 22 | 8, 0
356 | 14, 11 -> 6 | 11, 0
357 | 26, 27 -> 31 | 20, 0
358 | 9, 11 -> 29 | 26, 0
359 | 20, 7 -> 11 | 8, 0
360 | 24, 5 -> 20 | 11, 0
361 | 31, 16 -> 31 | 2, 0
362 | 9, 16 -> 7 | 5, 0
363 | 16, 31 -> 7 | 6, 0
364 | 8, 16 -> 24 | 5, 0
365 | 7, 6 -> 30 | 4, 0
366 | 5, 9 -> 12 | 4, 0
367 | 31, 29 -> 12 | 7, 0
368 | 17, 5 -> 17 | 11, 0
369 | 12, 24 -> 4 | 9, 0
370 | 4, 20 -> 17 | 8, 0
371 | 4, 21 -> 6 | 11, 0
372 | 6, 31 -> 4 | 11, 0
373 | 11, 20 -> 5 | 11, 0
374 | 17, 6 -> 23 | 5, 0
375 | 24, 11 -> 14 | 1, 0
376 | 11, 23 -> 19 | 5, 0
377 | 13, 25 -> 20 | 10, 0
378 | 0, 17 -> 9 | 3, 0
379 | 29, 10 -> 3 | 4, 0
380 | 28, 23 -> 16 | 10, 0
381 | 19, 9 -> 3 | 11, 0
382 | 5, 5 -> 14 | 2, 0
383 | 5, 9 -> 16 | 16, 0
384 | 20, 6 -> 31 | 8, 0
385 | 24, 16 -> 18 | 10, 0
386 | 31, 20 -> 13 | 6, 0
387 | 14, 12 -> 16 | 2, 0
388 | 20, 27 -> 18 | 3, 0
389 | 3, 23 -> 19 | 11, 0
390 | 16, 24 -> 19 | 5, 0
391 | 0, 16 -> 5 | 6, 0
392 | 16, 14 -> 28 | 10, 0
393 | 14, 13 -> 21 | 2, 0
394 | 19, 21 -> 22 | 10, 0
395 | 16, 22 -> 23 | 6, 0
396 | 23, 23 -> 6 | 5, 0
397 | 5, 11 -> 19 | 1, 0
398 | 13, 28 -> 18 | 9, 0
399 | 28, 18 -> 26 | 12, 0
400 | 10, 5 -> 12 | 4, 0
401 | 26, 18 -> 25 | 9, 0
402 | 23, 18 -> 2 | 3, 0
403 | 12, 22 -> 8 | 12, 0
404 | 25, 22 -> 20 | 8, 0
405 | 8, 23 -> 26 | 12, 0
406 | 19, 2 -> 29 | 7, 0
407 | 29, 11 -> 20 | 8, 0
408 | 3, 17 -> 16 | 11, 0
409 | 0, 14 -> 7 | 5, 0
410 | 10, 14 -> 7 | 3, 0
411 | 7, 16 -> 21 | 11, 0
412 | 12, 8 -> 22 | 11, 0
413 | 0, 16 -> 14 | 2, 0
414 | 2, 13 -> 23 | 3, 0
415 | 27, 20 -> 25 | 3, 0
416 | 20, 21 -> 1 | 5, 0
417 | 19, 29 -> 4 | 9, 0
418 | 18, 1 -> 4 | 6, 0
419 | 18, 4 -> 14 | 9, 0
420 | 22, 1 -> 1 | 12, 0
421 | 23, 14 -> 1 | 9, 0
422 | 20, 1 -> 1 | 12, 0
423 | 11, 22 -> 31 | 6, 0
424 | 4, 22 -> 6 | 4, 0
425 | 12, 4 -> 11 | 10, 0
426 | 16, 18 -> 26 | 10, 0
427 | 1, 24 -> 7 | 1, 0
428 | 23, 1 -> 21 | 12, 0
429 | 25, 17 -> 18 | 7, 0
430 | 11, 26 -> 23 | 8, 0
431 | 23, 31 -> 21 | 7, 0
432 | 19, 18 -> 26 | 11, 0
433 | 11, 29 -> 30 | 11, 0
434 | 1, 2 -> 18 | 9, 0
435 | 25, 21 -> 28 | 27, 0
436 | 12, 30 -> 3 | 12, 0
437 | 21, 14 -> 4 | 8, 0
438 | 18, 23 -> 21 | 9, 0
439 | 29, 30 -> 26 | 2, 0
440 | 26, 21 -> 13 | 6, 0
441 | 4, 21 -> 7 | 10, 0
442 | 28, 29 -> 13 | 4, 0
443 | 4, 27 -> 22 | 1, 0
444 | 25, 28 -> 24 | 7, 0
445 | 26, 18 -> 19 | 2, 0
446 | 28, 28 -> 11 | 10, 0
447 | 11, 5 -> 14 | 1, 0
448 | 6, 22 -> 1 | 6, 0
449 | 16, 7 -> 4 | 9, 0
450 | 18, 29 -> 10 | 1, 0
451 | 30, 19 -> 6 | 10, 0
452 | 19, 25 -> 29 | 7, 0
453 | 10, 2 -> 14 | 2, 0
454 | 29, 2 -> 24 | 6, 0
455 | 19, 14 -> 5 | 6, 0
456 | 24, 26 -> 6 | 6, 0
457 | 2, 5 -> 4 | 6, 0
458 | 6, 5 -> 24 | 4, 0
459 | 3, 1 -> 9 | 2, 0
460 | 8, 11 -> 29 | 1, 0
461 | 24, 4 -> 21 | 5, 0
462 | 18, 13 -> 16 | 3, 0
463 | 6, 14 -> 13 | 12, 0
464 | 14, 10 -> 17 | 18, 0
465 | 6, 29 -> 6 | 4, 0
466 | 9, 19 -> 4 | 7, 0
467 | 4, 21 -> 18 | 1, 0
468 | 26, 3 -> 26 | 9, 0
469 | 4, 11 -> 8 | 10, 0
470 | 16, 22 -> 29 | 12, 0
471 | 21, 17 -> 23 | 4, 0
472 | 29, 16 -> 30 | 1, 0
473 | 23, 21 -> 5 | 12, 0
474 | 17, 5 -> 10 | 2, 0
475 | 10, 26 -> 22 | 8, 0
476 | 4, 26 -> 8 | 4, 0
477 | 14, 30 -> 10 | 1, 0
478 | 29, 1 -> 31 | 4, 0
479 | 31, 31 -> 19 | 5, 0
480 | 19, 19 -> 9 | 15, 0
481 | 23, 10 -> 11 | 22, 0
482 | 19, 21 -> 3 | 4, 0
483 | 3, 11 -> 16 | 10, 0
484 | 28, 31 -> 24 | 9, 0
485 | 11, 10 -> 10 | 13, 0
486 | 10, 22 -> 4 | 5, 0
487 | 29, 10 -> 3 | 5, 0
488 | 18, 19 -> 28 | 2, 0
489 | 31, 12 -> 7 | 2, 0
490 | 22, 9 -> 11 | 9, 0
491 | 4, 28 -> 22 | 3, 0
492 | 0, 16 -> 25 | 5, 0
493 | 20, 3 -> 25 | 8, 0
494 | 7, 20 -> 24 | 12, 0
495 | 25, 5 -> 19 | 1, 0
496 | 25, 28 -> 25 | 3, 0
497 | 25, 3 -> 3 | 12, 0
498 | 21, 24 -> 19 | 11, 0
499 | 25, 16 -> 24 | 2, 0
500 | 29, 25 -> 1 | 5, 0
501 | 24, 12 -> 1 | 5, 0
502 | 3, 6 -> 16 | 14, 0
503 | 28, 6 -> 29 | 8, 0
504 | 27, 15 -> 6 | 11, 0
505 | 11, 31 -> 2 | 7, 0
506 | 25, 2 -> 11 | 12, 0
507 | 2, 28 -> 4 | 4, 0
508 | 19, 2 -> 8 | 12, 0
509 | 1, 19 -> 26 | 8, 0
510 | 16, 28 -> 30 | 9, 0
511 | 1, 5 -> 12 | 10, 0
512 | 11, 0 -> 29 | 7, 0
513 | 16, 8 -> 23 | 3, 0
514 | 6, 11 -> 30 | 9, 0
515 | 4, 10 -> 31 | 7, 0
516 | 22, 30 -> 10 | 5, 0
517 | 31, 30 -> 27 | 9, 0
518 | 30, 21 -> 24 | 10, 0
519 | 23, 22 -> 29 | 2, 0
520 | 27, 19 -> 3 | 5, 0
521 | 19, 1 -> 31 | 12, 0
522 | 29, 24 -> 13 | 19, 0
523 | 29, 2 -> 3 | 7, 0
524 | 13, 12 -> 8 | 9, 0
525 | 22, 7 -> 9 | 10, 0
526 | 13, 25 -> 5 | 5, 0
527 | 13, 27 -> 26 | 10, 0
528 | 12, 27 -> 9 | 12, 0
529 | 31, 3 -> 3 | 10, 0
530 | 26, 19 -> 23 | 5, 0
531 | 2, 10 -> 7 | 5, 0
532 | 26, 23 -> 2 | 1, 0
533 | 23, 27 -> 3 | 5, 0
534 | 17, 26 -> 25 | 7, 0
535 | 13, 5 -> 26 | 1, 0
536 | 9, 3 -> 18 | 1, 0
537 | 2, 23 -> 9 | 6, 0
538 | 2, 18 -> 13 | 25, 0
539 | 13, 3 -> 5 | 4, 0
540 | 3, 23 -> 12 | 2, 0
541 | 21, 2 -> 11 | 12, 0
542 | 12, 18 -> 27 | 10, 0
543 | 12, 5 -> 13 | 12, 0
544 | 26, 3 -> 22 | 9, 0
545 | 24, 25 -> 12 | 4, 0
546 | 10, 16 -> 4 | 11, 0
547 | 26, 23 -> 1 | 9, 0
548 | 25, 28 -> 21 | 12, 0
549 | 5, 13 -> 24 | 3, 0
550 | 13, 1 -> 24 | 4, 0
551 | 0, 1 -> 4 | 9, 0
552 | 5, 10 -> 12 | 6, 0
553 | 1, 30 -> 1 | 7, 0
554 | 12, 12 -> 26 | 11, 0
555 | 22, 1 -> 21 | 4, 0
556 | 24, 1 -> 7 | 4, 0
557 | 11, 1 -> 30 | 2, 0
558 | 22, 30 -> 28 | 11, 0
559 | 28, 28 -> 6 | 1, 0
560 | 30, 26 -> 15 | 7, 0
561 | 9, 11 -> 8 | 4, 0
562 | 15, 31 -> 7 | 12, 0
563 | 26, 26 -> 29 | 15, 0
564 | 6, 1 -> 27 | 4, 0
565 | 15, 21 -> 8 | 4, 0
566 | 8, 26 -> 29 | 5, 0
567 | 6, 18 -> 30 | 1, 0
568 | 20, 31 -> 20 | 9, 0
569 | 11, 7 -> 11 | 11, 0
570 | 28, 11 -> 29 | 10, 0
571 | 20, 4 -> 26 | 12, 0
572 | 20, 20 -> 9 | 10, 0
573 | 9, 8 -> 7 | 2, 0
574 | 18, 0 -> 30 | 10, 0
575 | 9, 11 -> 14 | 12, 0
576 | 20, 26 -> 30 | 8, 0
577 | 14, 30 -> 16 | 2, 0
578 | 27, 18 -> 24 | 10, 0
579 | 5, 30 -> 1 | 11, 0
580 | 16, 14 -> 22 | 2, 0
581 | 1, 16 -> 18 | 6, 0
582 | 28, 31 -> 29 | 4, 0
583 | 18, 6 -> 10 | 12, 0
584 | 22, 8 -> 30 | 9, 0
585 | 16, 4 -> 23 | 9, 0
586 | 29, 7 -> 14 | 10, 0
587 | 22, 22 -> 3 | 4, 0
588 | 14, 14 -> 2 | 10, 0
589 | 12, 27 -> 26 | 4, 0
590 | 10, 23 -> 19 | 6, 0
591 | 18, 5 -> 23 | 7, 0
592 | 6, 19 -> 22 | 2, 0
593 | 10, 5 -> 10 | 7, 0
594 | 8, 27 -> 29 | 11, 0
595 | 30, 6 -> 24 | 7, 0
596 | 14, 14 -> 14 | 4, 0
597 | 20, 26 -> 30 | 5, 0
598 | 30, 21 -> 1 | 3, 0
599 | 1, 22 -> 26 | 5, 0
600 | 13, 30 -> 4 | 2, 0
601 | 31, 30 -> 25 | 3, 0
602 | 25, 24 -> 18 | 11, 0
603 | 10, 24 -> 14 | 8, 0
604 | 8, 10 -> 25 | 1, 0
605 | 25, 1 -> 3 | 11, 0
606 | 2, 4 -> 3 | 11, 0
607 | 8, 1 -> 18 | 7, 0
608 | 18, 28 -> 17 | 16, 0
609 | 7, 1 -> 16 | 2, 0
610 | 22, 17 -> 30 | 4, 0
611 | 26, 7 -> 11 | 30, 0
612 | 4, 26 -> 16 | 2, 0
613 | 7, 29 -> 9 | 2, 0
614 | 9, 9 -> 5 | 6, 0
615 | 20, 17 -> 21 | 8, 0
616 | 17, 0 -> 7 | 12, 0
617 | 17, 22 -> 30 | 5, 0
618 | 30, 21 -> 12 | 12, 0
619 | 4, 21 -> 15 | 4, 0
620 | 16, 14 -> 22 | 1, 0
621 | 11, 7 -> 21 | 3, 0
622 | 12, 5 -> 19 | 2, 0
623 | 12, 8 -> 4 | 2, 0
624 | 5, 28 -> 15 | 3, 0
625 | 5, 12 -> 13 | 12, 0
626 | 7, 21 -> 15 | 12, 0
627 | 31, 22 -> 18 | 2, 0
628 | 21, 7 -> 9 | 12, 0
629 | 20, 18 -> 22 | 5, 0
630 | 21, 13 -> 23 | 12, 0
631 | 13, 9 -> 23 | 9, 0
632 | 4, 26 -> 29 | 6, 0
633 | 23, 15 -> 2 | 12, 0
634 | 26, 9 -> 31 | 12, 0
635 | 15, 9 -> 24 | 4, 0
636 | 29, 22 -> 28 | 7, 0
637 | 29, 18 -> 30 | 8, 0
638 | 28, 9 -> 19 | 1, 0
639 | 13, 7 -> 23 | 4, 0
640 | 19, 29 -> 5 | 7, 0
641 | 13, 19 -> 22 | 9, 0
642 | 28, 19 -> 31 | 11, 0
643 | 23, 25 -> 23 | 2, 0
644 | 5, 24 -> 10 | 8, 0
645 | 23, 28 -> 8 | 6, 0
646 | 8, 24 -> 31 | 7, 0
647 | 8, 27 -> 4 | 4, 0
648 | 4, 31 -> 21 | 7, 0
649 | 8, 8 -> 7 | 9, 0
650 | 7, 16 -> 8 | 1, 0
651 | 19, 10 -> 6 | 12, 0
652 | 10, 6 -> 20 | 4, 0
653 | 8, 17 -> 5 | 9, 0
654 | 21, 21 -> 27 | 11, 0
655 | 15, 31 -> 18 | 5, 0
656 | 21, 1 -> 31 | 4, 0
657 | 7, 20 -> 3 | 2, 0
658 | 10, 17 -> 11 | 8, 0
659 | 26, 6 -> 25 | 7, 0
660 | 8, 22 -> 9 | 5, 0
661 | 25, 8 -> 17 | 11, 0
662 | 11, 20 -> 30 | 3, 0
663 | 17, 28 -> 15 | 7, 0
664 | 8, 18 -> 12 | 7, 0
665 | 11, 9 -> 22 | 11, 0
666 | 30, 17 -> 19 | 7, 0
667 | 4, 19 -> 1 | 10, 0
668 | 2, 15 -> 19 | 3, 0
669 | 12, 26 -> 29 | 11, 0
670 | 0, 17 -> 27 | 3, 0
671 | 22, 30 -> 26 | 7, 0
672 | 1, 19 -> 20 | 29, 0
673 | 15, 17 -> 11 | 7, 0
674 | 12, 20 -> 27 | 11, 0
675 | 19, 27 -> 7 | 1, 0
676 | 29, 31 -> 8 | 9, 0
677 | 8, 26 -> 17 | 23, 0
678 | 29, 29 -> 13 | 3, 0
679 | 19, 29 -> 24 | 28, 0
680 | 8, 24 -> 4 | 9, 0
681 | 7, 25 -> 18 | 12, 0
682 | 23, 18 -> 23 | 2, 0
683 | 7, 13 -> 12 | 2, 0
684 | 19, 29 -> 17 | 7, 0
685 | 7, 28 -> 1 | 4, 0
686 | 13, 2 -> 21 | 11, 0
687 | 8, 21 -> 30 | 1, 0
688 | 21, 23 -> 16 | 12, 0
689 | 21, 16 -> 6 | 25, 0
690 | 16, 4 -> 29 | 5, 0
691 | 23, 7 -> 6 | 8, 0
692 | 6, 23 -> 26 | 6, 0
693 | 12, 21 -> 12 | 4, 0
694 | 15, 17 -> 3 | 7, 0
695 | 1, 29 -> 10 | 18, 0
696 | 10, 1 -> 17 | 6, 0
697 | 17, 21 -> 23 | 3, 0
698 | 30, 19 -> 3 | 3, 0
699 | 15, 12 -> 6 | 11, 0
700 | 3, 17 -> 22 | 16, 0
701 | 29, 22 -> 11 | 5, 0
702 | 23, 22 -> 27 | 9, 0
703 | 12, 2 -> 27 | 10, 0
704 | 11, 12 -> 2 | 2, 0
705 | 2, 11 -> 31 | 5, 0
706 | 13, 17 -> 4 | 12, 0
707 | 23, 27 -> 30 | 1, 0
708 | 24, 3 -> 15 | 6, 0
709 | 15, 22 -> 13 | 10, 0
710 | 31, 11 -> 25 | 4, 0
711 | 15, 4 -> 11 | 8, 0
712 | 4, 11 -> 10 | 5, 0
713 | 11, 18 -> 5 | 10, 0
714 | 31, 13 -> 17 | 12, 0
715 | 11, 14 -> 30 | 12, 0
716 | 11, 11 -> 29 | 12, 0
717 | 10, 17 -> 1 | 4, 0
718 | 10, 13 -> 17 | 4, 0
719 | 11, 17 -> 19 | 2, 0
720 | 17, 25 -> 14 | 4, 0
721 | 30, 29 -> 8 | 8, 0
722 | 11, 31 -> 5 | 11, 0
723 | 17, 17 -> 24 | 11, 0
724 | 0, 17 -> 4 | 4, 0
725 | 0, 29 -> 29 | 8, 0
726 | 14, 29 -> 15 | 12, 0
727 | 14, 19 -> 8 | 3, 0
728 | 18, 8 -> 2 | 8, 0
729 | 4, 7 -> 4 | 9, 0
730 | 17, 2 -> 9 | 8, 0
731 | 10, 15 -> 13 | 9, 0
732 | 29, 13 -> 1 | 8, 0
733 | 2, 0 -> 19 | 12, 0
734 | 29, 12 -> 20 | 3, 0
735 | 29, 8 -> 30 | 3, 0
736 | 15, 4 -> 2 | 24, 0
737 | 30, 15 -> 25 | 12, 0
738 | 1, 18 -> 9 | 2, 0
739 | 4, 16 -> 7 | 10, 0
740 | 22, 25 -> 6 | 4, 0
741 | 25, 11 -> 14 | 11, 0
742 | 10, 0 -> 3 | 6, 0
743 | 28, 3 -> 24 | 8, 0
744 | 27, 25 -> 22 | 3, 0
745 | 7, 14 -> 21 | 2, 0
746 | 21, 9 -> 11 | 6, 0
747 | 6, 7 -> 20 | 9, 0
748 | 14, 17 -> 26 | 9, 0
749 | 23, 24 -> 16 | 1, 0
750 | 15, 3 -> 8 | 11, 0
751 | 16, 20 -> 23 | 6, 0
752 | 23, 20 -> 6 | 11, 0
753 | 23, 6 -> 13 | 2, 0
754 | 26, 16 -> 9 | 12, 0
755 | 31, 8 -> 21 | 1, 0
756 | 19, 11 -> 3 | 4, 0
757 | 7, 26 -> 1 | 4, 0
758 | 11, 20 -> 23 | 2, 0
759 | 26, 0 -> 21 | 7, 0
760 | 9, 8 -> 10 | 11, 0
761 | 16, 21 -> 14 | 3, 0
762 | 11, 9 -> 3 | 6, 0
763 | 28, 1 -> 14 | 8, 0
764 | 6, 3 -> 6 | 1, 0
765 | 22, 6 -> 13 | 11, 0
766 | 2, 21 -> 22 | 21, 0
767 | 3, 8 -> 8 | 10, 0
768 | 22, 25 -> 10 | 11, 0
769 | 3, 9 -> 8 | 12, 0
770 | 14, 10 -> 19 | 9, 0
771 | 19, 6 -> 18 | 9, 0
772 | 26, 22 -> 29 | 2, 0
773 | 18, 19 -> 13 | 2, 0
774 | 14, 10 -> 8 | 29, 0
775 | 19, 8 -> 11 | 4, 0
776 | 4, 14 -> 16 | 7, 0
777 | 8, 18 -> 11 | 8, 0
778 | 8, 21 -> 1 | 12, 0
779 | 16, 18 -> 21 | 8, 0
780 | 3, 21 -> 12 | 3, 0
781 | 19, 16 -> 30 | 4, 0
782 | 14, 14 -> 22 | 11, 0
783 | 23, 16 -> 25 | 7, 0
784 | 22, 3 -> 28 | 2, 0
785 | 16, 23 -> 13 | 8, 0
786 | 20, 21 -> 2 | 9, 0
787 | 24, 25 -> 2 | 7, 0
788 | 1, 12 -> 14 | 30, 0
789 | 22, 25 -> 11 | 4, 0
790 | 11, 22 -> 31 | 11, 0
791 | 12, 28 -> 26 | 1, 0
792 | 2, 31 -> 5 | 4, 0
793 | 3, 25 -> 4 | 8, 0
794 | 2, 31 -> 12 | 8, 0
795 | 14, 26 -> 28 | 8, 0
796 | 5, 28 -> 28 | 6, 0
797 | 14, 3 -> 27 | 4, 0
798 | 28, 4 -> 23 | 3, 0
799 | 10, 11 -> 18 | 8, 0
800 | 18, 6 -> 21 | 5, 0
801 | 27, 8 -> 9 | 14, 0
802 | 27, 9 -> 4 | 5, 0
803 | 21, 31 -> 16 | 8, 0
804 | 5, 6 -> 29 | 6, 0
805 | 12, 18 -> 3 | 9, 0
806 | 4, 25 -> 7 | 21, 0
807 | 9, 25 -> 18 | 10, 0
808 | 30, 17 -> 4 | 6, 0
809 | 29, 7 -> 8 | 2, 0
810 | 21, 21 -> 12 | 10, 0
811 | 29, 12 -> 3 | 10, 0
812 | 7, 16 -> 18 | 4, 0
813 | 7, 21 -> 29 | 6, 0
814 | 3, 29 -> 17 | 16, 0
815 | 3, 2 -> 20 | 4, 0
816 | 31, 20 -> 21 | 12, 0
817 | 20, 25 -> 30 | 12, 0
818 | 3, 4 -> 1 | 7, 0
819 | 30, 0 -> 16 | 12, 0
820 | 21, 12 -> 27 | 1, 0
821 | 30, 1 -> 9 | 7, 0
822 | 28, 22 -> 18 | 8, 0
823 | 21, 16 -> 9 | 12, 0
824 | 23, 30 -> 23 | 7, 0
825 | 16, 17 -> 12 | 9, 0
826 | 0, 9 -> 4 | 6, 0
827 | 20, 1 -> 23 | 3, 0
828 | 23, 9 -> 20 | 1, 0
829 | 30, 23 -> 28 | 9, 0
830 | 30, 23 -> 24 | 1, 0
831 | 28, 16 -> 19 | 1, 0
832 | 27, 24 -> 20 | 12, 0
833 | 4, 28 -> 5 | 11, 0
834 | 18, 7 -> 4 | 4, 0
835 | 24, 25 -> 3 | 4, 0
836 | 4, 3 -> 9 | 2, 0
837 | 12, 9 -> 30 | 6, 0
838 | 19, 28 -> 1 | 4, 0
839 | 30, 20 -> 9 | 11, 0
840 | 3, 13 -> 25 | 10, 0
841 | 22, 22 -> 18 | 10, 0
842 | 30, 5 -> 24 | 12, 0
843 | 5, 7 -> 30 | 9, 0
844 | 6, 14 -> 21 | 22, 0
845 | 8, 29 -> 1 | 10, 0
846 | 5, 18 -> 7 | 11, 0
847 | 25, 25 -> 28 | 9, 0
848 | 1, 31 -> 10 | 25, 0
849 | 14, 9 -> 14 | 9, 0
850 | 21, 14 -> 7 | 6, 0
851 | 5, 18 -> 29 | 1, 0
852 | 28, 21 -> 31 | 4, 0
853 | 1, 4 -> 24 | 4, 0
854 | 14, 14 -> 31 | 12, 0
855 | 7, 31 -> 18 | 5, 0
856 | 21, 21 -> 22 | 2, 0
857 | 21, 19 -> 25 | 7, 0
858 | 14, 14 -> 4 | 1, 0
859 | 18, 21 -> 4 | 11, 0
860 | 31, 7 -> 16 | 11, 0
861 | 29, 29 -> 21 | 11, 0
862 | 18, 24 -> 26 | 6, 0
863 | 24, 29 -> 7 | 7, 0
864 | 24, 15 -> 19 | 2, 0
865 | 13, 25 -> 7 | 6, 0
866 | 21, 14 -> 24 | 9, 0
867 | 4, 9 -> 31 | 8, 0
868 | 26, 15 -> 19 | 10, 0
869 | 3, 31 -> 28 | 2, 0
870 | 28, 24 -> 15 | 6, 0
871 | 5, 31 -> 6 | 8, 0
872 | 27, 6 -> 12 | 12, 0
873 | 6, 12 -> 16 | 5, 0
874 | 3, 29 -> 24 | 1, 0
875 | 24, 4 -> 27 | 11, 0
876 | 21, 27 -> 6 | 24, 0
877 | 6, 16 -> 28 | 6, 0
878 | 15, 12 -> 15 | 9, 0
879 | 15, 18 -> 11 | 11, 0
880 | 6, 11 -> 25 | 2, 0
881 | 19, 18 -> 19 | 6, 0
882 | 10, 28 -> 29 | 7, 0
883 | 19, 24 -> 5 | 12, 0
884 | 24, 5 -> 4 | 4, 0
885 | 24, 29 -> 3 | 5, 0
886 | 6, 16 -> 13 | 7, 0
887 | 28, 22 -> 22 | 4, 0
888 | 21, 20 -> 14 | 12, 0
889 | 5, 11 -> 7 | 2, 0
890 | 15, 19 -> 31 | 12, 0
891 | 29, 5 -> 30 | 10, 0
892 | 0, 31 -> 17 | 2, 0
893 | 30, 22 -> 28 | 8, 0
894 | 4, 3 -> 29 | 7, 0
895 | 5, 14 -> 31 | 9, 0
896 | 13, 17 -> 5 | 10, 0
897 | 31, 13 -> 18 | 7, 0
898 | 14, 30 -> 24 | 1, 0
899 | 7, 20 -> 10 | 2, 0
900 | 30, 30 -> 24 | 2, 0
901 | 25, 2 -> 2 | 1, 0
902 | 10, 1 -> 29 | 6, 0
903 | 24, 23 -> 21 | 6, 0
904 | 28, 5 -> 31 | 12, 0
905 | 29, 15 -> 20 | 21, 0
906 | 20, 29 -> 19 | 12, 0
907 | 19, 21 -> 13 | 8, 0
908 | 7, 20 -> 15 | 6, 0
909 | 24, 19 -> 20 | 9, 0
910 | 2, 0 -> 15 | 6, 0
911 | 31, 15 -> 7 | 3, 0
912 | 9, 2 -> 29 | 12, 0
913 | 21, 15 -> 17 | 5, 0
914 | 2, 29 -> 1 | 11, 0
915 | 29, 6 -> 9 | 2, 0
916 | 20, 29 -> 19 | 9, 0
917 | 11, 31 -> 22 | 3, 0
918 | 25, 1 -> 5 | 7, 0
919 | 13, 1 -> 31 | 8, 0
920 | 19, 17 -> 19 | 12, 0
921 | 7, 5 -> 21 | 5, 0
922 | 21, 1 -> 30 | 5, 0
923 | 5, 25 -> 24 | 8, 0
924 | 17, 7 -> 29 | 5, 0
925 | 31, 21 -> 3 | 29, 0
926 | 29, 3 -> 12 | 8, 0
927 | 31, 29 -> 8 | 12, 0
928 | 5, 27 -> 1 | 9, 0
929 | 21, 21 -> 26 | 7, 0
930 | 30, 30 -> 5 | 22, 0
931 | 4, 1 -> 30 | 6, 0
932 | 29, 30 -> 16 | 9, 0
933 | 16, 16 -> 28 | 11, 0
934 | 29, 29 -> 15 | 3, 0
935 | 0, 15 -> 30 | 8, 0
936 | 13, 28 -> 13 | 4, 0
937 | 15, 3 -> 24 | 3, 0
938 | 14, 28 -> 17 | 7, 0
939 | 26, 28 -> 25 | 6, 0
940 | 19, 20 -> 4 | 12, 0
941 | 17, 24 -> 27 | 8, 0
942 | 11, 25 -> 24 | 5, 0
943 | 24, 8 -> 14 | 6, 0
944 | 15, 28 -> 12 | 5, 0
945 | 12, 14 -> 26 | 9, 0
946 | 19, 22 -> 18 | 9, 0
947 | 27, 26 -> 10 | 12, 0
948 | 27, 24 -> 22 | 1, 0
949 | 18, 22 -> 19 | 1, 0
950 | 22, 30 -> 24 | 11, 0
951 | 19, 10 -> 24 | 12, 0
952 | 4, 9 -> 12 | 2, 0
953 | 24, 4 -> 18 | 6, 0
954 | 4, 10 -> 10 | 7, 0
955 | 9, 12 -> 24 | 12, 0
956 | 22, 26 -> 3 | 1, 0
957 | 18, 10 -> 9 | 5, 0
958 | 24, 22 -> 28 | 10, 0
959 | 9, 8 -> 19 | 3, 0
960 | 26, 3 -> 11 | 5, 0
961 | 10, 18 -> 23 | 11, 0
962 | 23, 19 -> 3 | 4, 0
963 | 18, 11 -> 18 | 7, 0
964 | 19, 19 -> 5 | 11, 0
965 | 28, 9 -> 9 | 11, 0
966 | 11, 23 -> 28 | 11, 0
967 | 11, 9 -> 23 | 6, 0
968 | 10, 16 -> 28 | 2, 0
969 | 18, 5 -> 18 | 4, 0
970 | 5, 28 -> 28 | 9, 0
971 | 13, 11 -> 16 | 1, 0
972 | 19, 3 -> 26 | 8, 0
973 | 18, 13 -> 17 | 6, 0
974 | 3, 28 -> 28 | 11, 0
975 | 12, 28 -> 19 | 4, 0
976 | 25, 25 -> 5 | 2, 0
977 | 7, 5 -> 24 | 10, 0
978 | 0, 26 -> 15 | 11, 0
979 | 15, 5 -> 22 | 11, 0
980 | 16, 16 -> 4 | 9, 0
981 | 22, 9 -> 20 | 9, 0
982 | 2, 19 -> 8 | 6, 0
983 | 20, 28 -> 27 | 12, 0
984 | 15, 20 -> 7 | 9, 0
985 | 22, 4 -> 22 | 6, 0
986 | 24, 6 -> 20 | 9, 0
987 | 14, 17 -> 24 | 19, 0
988 | 15, 22 -> 19 | 9, 0
989 | 1, 24 -> 9 | 8, 0
990 | 16, 14 -> 9 | 5, 0
991 | 9, 4 -> 8 | 3, 0
992 | 18, 19 -> 24 | 5, 0
993 | 22, 20 -> 3 | 2, 0
994 | 13, 16 -> 20 | 7, 0
995 | 19, 19 -> 20 | 11, 0
996 | 29, 20 -> 30 | 5, 0
997 | 22, 20 -> 23 | 6, 0
998 | 23, 20 -> 17 | 4, 0
999 | 14, 4 -> 8 | 2, 0
1000 | 22, 22 -> 24 | 4, 0
1001 | 26, 24 -> 13 | 1, 0
1002 | 17, 19 -> 24 | 7, 0
1003 | 9, 14 -> 5 | 6, 0
1004 | 30, 1 -> 23 | 6, 0
1005 | 19, 18 -> 25 | 19, 0
1006 | 10, 8 -> 19 | 1, 0
1007 | 9, 5 -> 7 | 11, 0
1008 | 17, 11 -> 3 | 3, 0
1009 | 7, 8 -> 8 | 6, 0
1010 | 7, 19 -> 19 | 3, 0
1011 | 8, 25 -> 10 | 1, 0
1012 | 5, 1 -> 14 | 8, 0
1013 | 14, 17 -> 14 | 12, 0
1014 | 20, 4 -> 2 | 5, 0
1015 | 10, 25 -> 23 | 4, 0
1016 | 13, 31 -> 1 | 10, 0
1017 | 8, 14 -> 27 | 11, 0
1018 | 18, 28 -> 7 | 10, 0
1019 | 2, 29 -> 1 | 2, 0
1020 | 4, 1 -> 3 | 10, 0
1021 | 7, 23 -> 4 | 1, 0
1022 | 2, 7 -> 1 | 5, 0
1023 | 30, 3 -> 28 | 4, 0
1024 | 10, 6 -> 9 | 9, 0
1025 | 15, 23 -> 18 | 6, 0
1026 | 23, 12 -> 19 | 6, 0
1027 | 23, 4 -> 28 | 6, 0
1028 | 13, 7 -> 9 | 18, 0
1029 | 23, 19 -> 22 | 1, 0
1030 | 22, 17 -> 23 | 1, 0
1031 | 23, 26 -> 16 | 4, 0
1032 | 21, 9 -> 25 | 1, 0
1033 | 1, 16 -> 27 | 5, 0
1034 | 28, 28 -> 30 | 10, 0
1035 | 22, 28 -> 28 | 4, 0
1036 | 23, 15 -> 14 | 7, 0
1037 | 30, 14 -> 8 | 5, 0
1038 | 2, 23 -> 31 | 7, 0
1039 | 14, 12 -> 19 | 1, 0
1040 | 31, 25 -> 14 | 6, 0
1041 | 8, 30 -> 6 | 8, 0
1042 | 16, 6 -> 14 | 8, 0
1043 | 8, 28 -> 27 | 7, 0
1044 | 4, 14 -> 14 | 2, 0
1045 | 24, 31 -> 10 | 5, 0
1046 | 23, 14 -> 12 | 6, 0
1047 | 11, 23 -> 12 | 3, 0
1048 | 27, 30 -> 30 | 5, 0
1049 | 7, 6 -> 27 | 9, 0
1050 | 24, 8 -> 3 | 1, 0
1051 | 31, 6 -> 3 | 7, 0
1052 | 6, 19 -> 27 | 11, 0
1053 | 8, 27 -> 30 | 8, 0
1054 | 6, 6 -> 12 | 9, 0
1055 | 16, 10 -> 13 | 4, 0
1056 | 15, 10 -> 15 | 7, 0
1057 | 6, 15 -> 11 | 8, 0
1058 | 9, 11 -> 5 | 4, 0
1059 | 14, 15 -> 28 | 4, 0
1060 | 13, 3 -> 19 | 3, 0
1061 | 2, 3 -> 9 | 12, 0
1062 | 15, 27 -> 6 | 9, 0
1063 | 8, 13 -> 9 | 10, 0
1064 | 30, 19 -> 21 | 11, 0
1065 | 28, 21 -> 12 | 6, 0
1066 | 19, 2 -> 24 | 3, 0
1067 | 5, 28 -> 23 | 6, 0
1068 | 28, 23 -> 23 | 10, 0
1069 | 9, 5 -> 29 | 5, 0
1070 | 17, 6 -> 16 | 10, 0
1071 | 6, 19 -> 6 | 7, 0
1072 | 16, 9 -> 15 | 8, 0
1073 | 9, 9 -> 22 | 8, 0
1074 | 19, 15 -> 14 | 6, 0
1075 | 6, 12 -> 7 | 10, 0
1076 | 6, 24 -> 30 | 7, 0
1077 | 16, 14 -> 19 | 8, 0
1078 | 18, 7 -> 11 | 8, 0
1079 | 0, 14 -> 11 | 8, 0
1080 | 10, 7 -> 20 | 2, 0
1081 | 11, 24 -> 30 | 7, 0
1082 | 30, 19 -> 6 | 6, 0
1083 | 16, 7 -> 16 | 7, 0
1084 | 14, 22 -> 6 | 12, 0
1085 | 6, 11 -> 29 | 1, 0
1086 | 29, 13 -> 14 | 1, 0
1087 | 16, 7 -> 28 | 1, 0
1088 | 29, 6 -> 25 | 10, 0
1089 | 30, 16 -> 17 | 9, 0
1090 | 22, 4 -> 20 | 8, 0
1091 | 28, 28 -> 5 | 4, 0
1092 | 16, 6 -> 2 | 6, 0
1093 | 29, 1 -> 15 | 5, 0
1094 | 15, 17 -> 4 | 10, 0
1095 | 17, 28 -> 13 | 2, 0
1096 | 22, 11 -> 30 | 11, 0
1097 | 26, 5 -> 12 | 3, 0
1098 | 27, 15 -> 23 | 9, 0
1099 | 24, 4 -> 29 | 11, 0
1100 | 20, 4 -> 16 | 7, 0
1101 | 30, 22 -> 20 | 5, 0
1102 | 28, 29 -> 31 | 2, 0
1103 | 30, 31 -> 13 | 3, 0
1104 | 4, 15 -> 31 | 5, 0
1105 | 1, 12 -> 31 | 2, 0
1106 | 29, 5 -> 17 | 2, 0
1107 | 23, 29 -> 12 | 9, 0
1108 | 13, 2 -> 30 | 8, 0
1109 | 29, 19 -> 20 | 11, 0
1110 | 12, 8 -> 13 | 3, 0
1111 | 30, 7 -> 10 | 10, 0
1112 | 4, 17 -> 2 | 12, 0
1113 | 21, 18 -> 8 | 12, 0
1114 | 17, 2 -> 25 | 3, 0
1115 | 29, 2 -> 13 | 22, 0
1116 | 20, 2 -> 2 | 2, 0
1117 | 30, 31 -> 2 | 12, 0
1118 | 31, 8 -> 9 | 7, 0
1119 | 12, 8 -> 2 | 1, 0
1120 | 20, 25 -> 23 | 7, 0
1121 | 20, 20 -> 22 | 24, 0
1122 | 30, 20 -> 1 | 11, 0
1123 | 31, 9 -> 16 | 1, 0
1124 | 3, 1 -> 24 | 3, 0
1125 | 16, 22 -> 1 | 5, 0
1126 | 5, 16 -> 9 | 28, 0
1127 | 24, 23 -> 27 | 6, 0
1128 | 28, 12 -> 16 | 12, 0
1129 | 1, 25 -> 14 | 5, 0
1130 | 23, 16 -> 15 | 4, 0
1131 | 14, 5 -> 16 | 12, 0
1132 | 20, 9 -> 26 | 9, 0
1133 | 31, 23 -> 18 | 12, 0
1134 | 9, 30 -> 22 | 12, 0
1135 | 5, 8 -> 31 | 2, 0
1136 | 14, 14 -> 5 | 3, 0
1137 | 23, 14 -> 26 | 4, 0
1138 | 27, 9 -> 1 | 9, 0
1139 | 9, 28 -> 26 | 8, 0
1140 | 25, 22 -> 12 | 2, 0
1141 | 2, 12 -> 17 | 6, 0
1142 | 12, 5 -> 27 | 12, 0
1143 | 0, 1 -> 15 | 11, 0
1144 | 1, 5 -> 3 | 10, 0
1145 | 11, 22 -> 5 | 12, 0
1146 | 22, 26 -> 13 | 12, 0
1147 | 31, 18 -> 3 | 4, 0
1148 | 27, 16 -> 8 | 2, 0
1149 | 17, 6 -> 1 | 30, 0
1150 | 2, 17 -> 9 | 5, 0
1151 | 3, 21 -> 7 | 5, 0
1152 | 15, 24 -> 9 | 2, 0
1153 | 1, 8 -> 25 | 6, 0
1154 | 13, 7 -> 31 | 7, 0
1155 | 5, 9 -> 21 | 5, 0
1156 | 9, 26 -> 20 | 10, 0
1157 | 31, 27 -> 30 | 12, 0
1158 | 20, 9 -> 21 | 8, 0
1159 | 5, 17 -> 6 | 11, 0
1160 | 1, 21 -> 9 | 12, 0
1161 | 1, 20 -> 22 | 8, 0
1162 | 2, 25 -> 5 | 3, 0
1163 | 15, 27 -> 30 | 11, 0
1164 | 30, 7 -> 18 | 5, 0
1165 | 5, 20 -> 10 | 6, 0
1166 | 6, 22 -> 2 | 8, 0
1167 | 22, 5 -> 5 | 10, 0
1168 | 20, 17 -> 15 | 12, 0
1169 | 31, 22 -> 21 | 4, 0
1170 | 21, 6 -> 11 | 11, 0
1171 | 16, 18 -> 26 | 10, 0
1172 | 9, 10 -> 9 | 7, 0
1173 | 10, 9 -> 18 | 1, 0
1174 | 13, 15 -> 16 | 11, 0
1175 | 16, 23 -> 24 | 22, 0
1176 | 16, 16 -> 25 | 3, 0
1177 | 15, 16 -> 9 | 10, 0
1178 | 25, 24 -> 23 | 5, 0
1179 | 28, 27 -> 12 | 27, 0
1180 | 11, 11 -> 19 | 10, 0
1181 | 12, 25 -> 6 | 7, 0
1182 | 11, 9 -> 20 | 10, 0
1183 | 6, 6 -> 9 | 3, 0
1184 | 20, 6 -> 2 | 12, 0
1185 | 19, 12 -> 26 | 8, 0
1186 | 26, 22 -> 3 | 8, 0
1187 | 13, 18 -> 28 | 23, 0
1188 | 20, 28 -> 10 | 6, 0
1189 | 3, 6 -> 6 | 5, 0
1190 | 19, 19 -> 29 | 2, 0
1191 | 29, 19 -> 18 | 10, 0
1192 | 28, 20 -> 3 | 7, 0
1193 | 27, 19 -> 12 | 8, 0
1194 | 30, 9 -> 21 | 6, 0
1195 | 28, 29 -> 8 | 1, 0
1196 | 3, 28 -> 2 | 7, 0
1197 | 3, 9 -> 29 | 25, 0
1198 | 26, 18 -> 4 | 1, 0
1199 | 20, 29 -> 2 | 1, 0
1200 | 2, 4 -> 31 | 9, 0
1201 | 18, 6 -> 25 | 7, 0
1202 | 18, 31 -> 23 | 2, 0
1203 | 26, 6 -> 18 | 1, 0
1204 | 30, 25 -> 3 | 9, 0
1205 | 14, 29 -> 24 | 12, 0
1206 | 17, 24 -> 6 | 4, 0
1207 | 3, 31 -> 5 | 11, 0
1208 | 20, 18 -> 28 | 6, 0
1209 | 28, 25 -> 20 | 1, 0
1210 | 24, 6 -> 27 | 12, 0
1211 | 27, 6 -> 22 | 9, 0
1212 | 3, 24 -> 1 | 4, 0
1213 | 1, 21 -> 11 | 1, 0
1214 | 28, 22 -> 30 | 2, 0
1215 | 3, 16 -> 25 | 8, 0
1216 | 4, 27 -> 23 | 3, 0
1217 | 23, 11 -> 23 | 3, 0
1218 | 13, 20 -> 30 | 8, 0
1219 | 22, 21 -> 22 | 7, 0
1220 | 1, 25 -> 24 | 4, 0
1221 | 28, 10 -> 15 | 25, 0
1222 | 16, 1 -> 15 | 14, 0
1223 | 16, 5 -> 8 | 10, 0
1224 | 11, 11 -> 25 | 10, 0
1225 | 8, 26 -> 16 | 1, 0
1226 | 11, 1 -> 26 | 4, 0
1227 | 26, 17 -> 2 | 3, 0
1228 | 5, 3 -> 12 | 5, 0
1229 | 9, 22 -> 5 | 9, 0
1230 | 10, 26 -> 5 | 10, 0
1231 | 19, 16 -> 15 | 29, 0
1232 | 9, 2 -> 17 | 7, 0
1233 | 2, 24 -> 1 | 1, 0
1234 | 8, 23 -> 26 | 11, 0
1235 | 2, 25 -> 29 | 4, 0
1236 | 16, 16 -> 10 | 9, 0
1237 | 29, 2 -> 30 | 10, 0
1238 | 31, 17 -> 27 | 5, 0
1239 | 27, 16 -> 21 | 10, 0
1240 | 17, 10 -> 9 | 10, 0
1241 | 31, 29 -> 28 | 6, 0
1242 | 10, 9 -> 29 | 4, 0
1243 | 21, 17 -> 28 | 11, 0
1244 | 6, 30 -> 13 | 8, 0
1245 | 9, 13 -> 14 | 11, 0
1246 | 27, 14 -> 8 | 3, 0
1247 | 13, 10 -> 23 | 1, 0
1248 | 27, 30 -> 6 | 2, 0
1249 | 13, 29 -> 27 | 2, 0
1250 | 19, 22 -> 13 | 3, 0
1251 | 27, 28 -> 29 | 6, 0
1252 | 10, 18 -> 27 | 6, 0
1253 | 23, 6 -> 9 | 11, 0
1254 | 15, 15 -> 23 | 1, 0
1255 | 6, 9 -> 1 | 29, 0
1256 | 27, 9 -> 3 | 5, 0
1257 | 14, 17 -> 8 | 11, 0
1258 | 8, 22 -> 3 | 8, 0
1259 | 9, 7 -> 7 | 5, 0
1260 | 29, 13 -> 19 | 8, 0
1261 | 3, 17 -> 4 | 1, 0
1262 | 9, 14 -> 16 | 12, 0
1263 | 16, 14 -> 26 | 4, 0
1264 | 1, 4 -> 30 | 9, 0
1265 | 9, 16 -> 15 | 6, 0
1266 | 5, 26 -> 29 | 5, 0
1267 | 19, 19 -> 12 | 6, 0
1268 | 6, 29 -> 31 | 12, 0
1269 | 19, 4 -> 28 | 5, 0
1270 | 16, 16 -> 1 | 3, 0
1271 | 2, 11 -> 22 | 6, 0
1272 | 31, 26 -> 12 | 3, 0
1273 | 11, 29 -> 1 | 2, 0
1274 | 29, 16 -> 8 | 1, 0
1275 | 22, 31 -> 5 | 10, 0
1276 | 12, 26 -> 11 | 9, 0
1277 | 12, 20 -> 18 | 7, 0
1278 | 9, 5 -> 31 | 7, 0
1279 | 14, 23 -> 23 | 9, 0
1280 | 27, 11 -> 16 | 11, 0
1281 | 8, 11 -> 3 | 1, 0
1282 | 13, 20 -> 3 | 1, 0
1283 | 18, 3 -> 6 | 4, 0
1284 | 3, 31 -> 29 | 1, 0
1285 | 11, 7 -> 24 | 2, 0
1286 | 18, 3 -> 21 | 4, 0
1287 | 10, 10 -> 7 | 10, 0
1288 | 18, 6 -> 9 | 3, 0
1289 | 31, 24 -> 26 | 11, 0
1290 | 17, 29 -> 5 | 10, 0
1291 | 9, 4 -> 12 | 29, 0
1292 | 23, 8 -> 12 | 6, 0
1293 | 25, 1 -> 11 | 6, 0
1294 | 8, 10 -> 3 | 2, 0
1295 | 29, 15 -> 26 | 9, 0
1296 | 6, 18 -> 12 | 10, 0
1297 | 15, 29 -> 8 | 3, 0
1298 | 7, 10 -> 27 | 4, 0
1299 | 4, 3 -> 12 | 3, 0
1300 | 26, 5 -> 31 | 8, 0
1301 | 16, 26 -> 23 | 5, 0
1302 | 31, 12 -> 30 | 7, 0
1303 | 11, 30 -> 18 | 9, 0
1304 | 29, 26 -> 31 | 11, 0
1305 | 23, 22 -> 26 | 4, 0
1306 | 17, 29 -> 24 | 7, 0
1307 | 30, 27 -> 5 | 3, 0
1308 | 23, 27 -> 8 | 3, 0
1309 | 31, 23 -> 27 | 1, 0
1310 | 24, 30 -> 12 | 9, 0
1311 | 8, 12 -> 28 | 8, 0
1312 | 12, 6 -> 8 | 5, 0
1313 | 30, 20 -> 23 | 2, 0
1314 | 12, 28 -> 8 | 7, 0
1315 | 28, 26 -> 5 | 1, 0
1316 | 27, 26 -> 14 | 9, 0
1317 | 23, 8 -> 15 | 3, 0
1318 | 23, 26 -> 4 | 1, 0
1319 | 18, 4 -> 9 | 2, 0
1320 | 5, 5 -> 22 | 9, 0
1321 | 28, 11 -> 25 | 8, 0
1322 | 7, 9 -> 7 | 9, 0
1323 | 7, 14 -> 24 | 12, 0
1324 | 24, 5 -> 18 | 5, 0
1325 | 22, 15 -> 7 | 6, 0
1326 | 20, 9 -> 1 | 7, 0
1327 | 20, 18 -> 21 | 12, 0
1328 | 22, 1 -> 5 | 12, 0
1329 | 24, 8 -> 11 | 4, 0
1330 | 25, 5 -> 3 | 5, 0
1331 | 11, 11 -> 13 | 5, 0
1332 | 13, 7 -> 1 | 7, 0
1333 | 18, 13 -> 10 | 3, 0
1334 | 13, 7 -> 28 | 10, 0
1335 | 11, 11 -> 22 | 10, 0
1336 | 10, 7 -> 4 | 2, 0
1337 | 1, 4 -> 15 | 10, 0
1338 | 1, 22 -> 4 | 3, 0
1339 | 15, 4 -> 4 | 5, 0
1340 | 26, 10 -> 21 | 9, 0
1341 | 21, 3 -> 2 | 6, 0
1342 | 10, 0 -> 23 | 12, 0
1343 | 22, 21 -> 18 | 1, 0
1344 | 21, 21 -> 22 | 30, 0
1345 | 22, 22 -> 8 | 18, 0
1346 | 22, 4 -> 16 | 2, 0
1347 | 18, 23 -> 16 | 11, 0
1348 | 21, 19 -> 4 | 5, 0
1349 | 4, 2 -> 13 | 7, 0
1350 | 29, 23 -> 18 | 12, 0
1351 | 16, 1 -> 20 | 10, 0
1352 | 16, 21 -> 19 | 4, 0
1353 | 16, 23 -> 5 | 12, 0
1354 | 16, 18 -> 9 | 6, 0
1355 | 9, 18 -> 15 | 3, 0
1356 | 18, 19 -> 1 | 9, 0
1357 | 15, 1 -> 13 | 3, 0
1358 | 18, 20 -> 29 | 4, 0
1359 | 15, 3 -> 10 | 9, 0
1360 | 30, 19 -> 25 | 3, 0
1361 | 10, 26 -> 10 | 7, 0
1362 | 10, 10 -> 3 | 1, 0
1363 | 13, 2 -> 9 | 25, 0
1364 | 28, 25 -> 31 | 2, 0
1365 | 9, 9 -> 2 | 2, 0
1366 | 18, 10 -> 31 | 4, 0
1367 | 3, 3 -> 3 | 10, 0
1368 | 19, 13 -> 9 | 10, 0
1369 | 29, 13 -> 8 | 8, 0
1370 | 28, 3 -> 17 | 6, 0
1371 | 3, 9 -> 9 | 1, 0
1372 | 28, 0 -> 7 | 2, 0
1373 | 11, 3 -> 26 | 6, 0
1374 | 9, 29 -> 14 | 11, 0
1375 | 8, 23 -> 1 | 12, 0
1376 | 4, 9 -> 30 | 4, 0
1377 | 27, 31 -> 9 | 15, 0
1378 | 7, 8 -> 13 | 4, 0
1379 | 30, 8 -> 28 | 4, 0
1380 | 1, 13 -> 14 | 9, 0
1381 | 30, 7 -> 6 | 7, 0
1382 | 17, 18 -> 9 | 9, 0
1383 | 12, 9 -> 28 | 12, 0
1384 | 26, 28 -> 3 | 9, 0
1385 | 4, 30 -> 2 | 3, 0
1386 | 28, 3 -> 25 | 1, 0
1387 | 2, 10 -> 17 | 2, 0
1388 | 13, 0 -> 2 | 8, 0
1389 | 5, 22 -> 18 | 5, 0
1390 | 14, 17 -> 19 | 3, 0
1391 | 14, 23 -> 7 | 3, 0
1392 | 9, 17 -> 1 | 6, 0
1393 | 18, 9 -> 26 | 7, 0
1394 | 2, 18 -> 11 | 12, 0
1395 | 1, 19 -> 20 | 1, 0
1396 | 20, 2 -> 13 | 4, 0
1397 | 26, 19 -> 7 | 11, 0
1398 | 7, 1 -> 22 | 5, 0
1399 | 10, 13 -> 31 | 29, 0
1400 | 13, 13 -> 12 | 16, 0
1401 | 16, 20 -> 13 | 12, 0
1402 | 12, 11 -> 8 | 5, 0
1403 | 14, 26 -> 28 | 6, 0
1404 | 12, 22 -> 6 | 1, 0
1405 | 10, 13 -> 13 | 9, 0
1406 | 20, 20 -> 29 | 7, 0
1407 | 13, 6 -> 2 | 18, 0
1408 | 7, 25 -> 27 | 6, 0
1409 | 13, 28 -> 16 | 11, 0
1410 | 11, 13 -> 31 | 4, 0
1411 | 2, 8 -> 1 | 7, 0
1412 | 17, 1 -> 30 | 10, 0
1413 | 30, 1 -> 5 | 10, 0
1414 | 16, 16 -> 3 | 12, 0
1415 | 30, 4 -> 18 | 18, 0
1416 | 26, 1 -> 14 | 8, 0
1417 | 16, 29 -> 27 | 9, 0
1418 | 12, 5 -> 27 | 8, 0
1419 | 4, 3 -> 31 | 30, 0
1420 | 2, 20 -> 28 | 11, 0
1421 | 12, 16 -> 24 | 2, 0
1422 | 18, 26 -> 20 | 28, 0
1423 | 29, 24 -> 13 | 8, 0
1424 | 27, 20 -> 12 | 6, 0
1425 | 20, 14 -> 3 | 10, 0
1426 | 31, 31 -> 19 | 3, 0
1427 | 27, 13 -> 14 | 8, 0
1428 | 13, 13 -> 26 | 8, 0
1429 | 22, 19 -> 19 | 7, 0
1430 | 26, 31 -> 27 | 13, 0
1431 | 27, 27 -> 5 | 7, 0
1432 | 13, 16 -> 13 | 13, 0
1433 | 21, 28 -> 26 | 2, 0
1434 | 27, 24 -> 21 | 4, 0
1435 | 13, 27 -> 19 | 12, 0
1436 | 26, 27 -> 5 | 1, 0
1437 | 12, 21 -> 24 | 2, 0
1438 | 26, 14 -> 18 | 2, 0
1439 | 6, 21 -> 11 | 7, 0
1440 | 14, 26 -> 27 | 8, 0
1441 | 30, 19 -> 14 | 5, 0
1442 | 14, 18 -> 21 | 20, 0
1443 | 18, 13 -> 30 | 1, 0
1444 | 26, 10 -> 11 | 4, 0
1445 | 20, 5 -> 4 | 12, 0
1446 | 18, 10 -> 8 | 2, 0
1447 | 18, 18 -> 8 | 12, 0
1448 | 18, 24 -> 10 | 12, 0
1449 | 18, 12 -> 28 | 3, 0
1450 | 28, 20 -> 20 | 2, 0
1451 | 30, 11 -> 13 | 12, 0
1452 | 21, 18 -> 25 | 7, 0
1453 | 8, 20 -> 30 | 4, 0
1454 | 20, 10 -> 27 | 4, 0
1455 | 17, 13 -> 6 | 12, 0
1456 | 17, 18 -> 23 | 11, 0
1457 | 10, 9 -> 26 | 11, 0
1458 | 23, 3 -> 20 | 11, 0
1459 | 13, 13 -> 21 | 8, 0
1460 | 28, 23 -> 27 | 4, 0
1461 | 19, 6 -> 1 | 4, 0
1462 | 1, 14 -> 12 | 3, 0
1463 | 1, 25 -> 29 | 12, 0
1464 | 13, 27 -> 26 | 12, 0
1465 | 18, 1 -> 25 | 4, 0
1466 | 25, 21 -> 17 | 11, 0
1467 | 10, 21 -> 25 | 6, 0
1468 | 17, 20 -> 25 | 4, 0
1469 | 1, 25 -> 5 | 10, 0
1470 | 26, 28 -> 11 | 9, 0
1471 | 25, 15 -> 2 | 8, 0
1472 | 12, 2 -> 14 | 2, 0
1473 | 31, 26 -> 5 | 9, 0
1474 | 11, 26 -> 24 | 6, 0
1475 | 14, 24 -> 24 | 7, 0
1476 | 0, 9 -> 25 | 6, 0
1477 | 29, 2 -> 30 | 9, 0
1478 | 25, 23 -> 8 | 1, 0
1479 | 26, 31 -> 20 | 1, 0
1480 | 16, 24 -> 31 | 5, 0
1481 | 31, 10 -> 19 | 8, 0
1482 | 20, 16 -> 25 | 1, 0
1483 | 10, 5 -> 4 | 8, 0
1484 | 8, 14 -> 14 | 10, 0
1485 | 8, 5 -> 1 | 3, 0
1486 | 6, 28 -> 29 | 10, 0
1487 | 6, 22 -> 2 | 21, 0
1488 | 14, 31 -> 4 | 9, 0
1489 | 8, 4 -> 24 | 6, 0
1490 | 6, 19 -> 1 | 1, 0
1491 | 13, 20 -> 27 | 7, 0
1492 | 1, 27 -> 11 | 6, 0
1493 | 14, 25 -> 30 | 11, 0
1494 | 20, 19 -> 19 | 11, 0
1495 | 10, 1 -> 30 | 9, 0
1496 | 2, 26 -> 23 | 1, 0
1497 | 12, 1 -> 28 | 8, 0
1498 | 26, 11 -> 8 | 10, 0
1499 | 24, 14 -> 12 | 8, 0
1500 | 12, 28 -> 31 | 12, 0
1501 | 26, 19 -> 8 | 1, 0
1502 | 30, 27 -> 4 | 4, 0
1503 | 0, 3 -> 4 | 9, 0
1504 | 18, 25 -> 6 | 11, 0
1505 | 7, 24 -> 19 | 6, 0
1506 | 28, 31 -> 1 | 3, 0
1507 | 8, 28 -> 4 | 1, 0
1508 | 31, 6 -> 12 | 5, 0
1509 | 8, 4 -> 23 | 11, 0
1510 | 1, 22 -> 10 | 8, 0
1511 | 19, 12 -> 1 | 4, 0
1512 | 14, 6 -> 22 | 9, 0
1513 | 19, 31 -> 22 | 1, 0
1514 | 5, 10 -> 2 | 23, 0
1515 | 25, 12 -> 13 | 12, 0
1516 | 12, 27 -> 18 | 9, 0
1517 | 13, 22 -> 16 | 6, 0
1518 | 12, 23 -> 5 | 8, 0
1519 | 16, 0 -> 25 | 7, 0
1520 | 10, 23 -> 21 | 7, 0
1521 | 7, 1 -> 19 | 6, 0
1522 | 22, 21 -> 25 | 12, 0
1523 | 19, 13 -> 8 | 7, 0
1524 | 25, 15 -> 22 | 7, 0
1525 | 31, 8 -> 27 | 9, 0
1526 | 8, 0 -> 30 | 12, 0
1527 | 8, 21 -> 21 | 10, 0
1528 | 18, 22 -> 28 | 9, 0
1529 | 27, 5 -> 18 | 2, 0
1530 | 8, 2 -> 18 | 22, 0
1531 | 0, 22 -> 27 | 8, 0
1532 | 30, 19 -> 30 | 1, 0
1533 | 8, 23 -> 18 | 2, 0
1534 | 28, 10 -> 5 | 9, 0
1535 | 27, 19 -> 26 | 29, 0
1536 | 27, 21 -> 6 | 8, 0
1537 | 26, 0 -> 3 | 29, 0
1538 | 25, 27 -> 21 | 3, 0
1539 | 27, 26 -> 18 | 1, 0
1540 | 21, 30 -> 19 | 4, 0
1541 | 30, 2 -> 23 | 4, 0
1542 | 6, 21 -> 22 | 12, 0
1543 | 21, 19 -> 17 | 8, 0
1544 | 3, 5 -> 8 | 10, 0
1545 | 22, 19 -> 18 | 9, 0
1546 | 8, 22 -> 9 | 8, 0
1547 | 31, 3 -> 20 | 6, 0
1548 | 9, 22 -> 9 | 11, 0
1549 | 3, 20 -> 20 | 7, 0
1550 | 23, 5 -> 21 | 9, 0
1551 | 3, 17 -> 24 | 9, 0
1552 | 9, 25 -> 4 | 1, 0
1553 | 24, 9 -> 3 | 10, 0
1554 | 31, 14 -> 11 | 2, 0
1555 | 11, 21 -> 27 | 3, 0
1556 | 3, 3 -> 21 | 2, 0
1557 | 18, 27 -> 14 | 6, 0
1558 | 11, 23 -> 3 | 7, 0
1559 | 6, 9 -> 15 | 1, 0
1560 | 6, 27 -> 29 | 2, 0
1561 | 15, 27 -> 17 | 5, 0
1562 | 4, 17 -> 15 | 5, 0
1563 | 22, 15 -> 1 | 4, 0
1564 | 4, 27 -> 8 | 11, 0
1565 | 9, 19 -> 8 | 28, 0
1566 | 3, 17 -> 10 | 12, 0
1567 | 10, 3 -> 10 | 7, 0
1568 | 29, 30 -> 8 | 12, 0
1569 | 21, 21 -> 20 | 27, 0
1570 | 15, 3 -> 23 | 12, 0
1571 | 3, 23 -> 30 | 2, 0
1572 | 17, 30 -> 22 | 3, 0
1573 | 26, 30 -> 30 | 2, 0
1574 | 6, 30 -> 20 | 4, 0
1575 | 20, 15 -> 21 | 3, 0
1576 | 17, 8 -> 10 | 3, 0
1577 | 3, 23 -> 10 | 12, 0
1578 | 23, 9 -> 16 | 2, 0
1579 | 1, 0 -> 6 | 5, 0
1580 | 20, 1 -> 26 | 2, 0
1581 | 20, 30 -> 25 | 3, 0
1582 | 26, 21 -> 27 | 2, 0
1583 | 20, 6 -> 10 | 4, 0
1584 | 22, 26 -> 10 | 3, 0
1585 | 20, 16 -> 3 | 5, 0
1586 | 20, 3 -> 18 | 2, 0
1587 | 5, 27 -> 8 | 7, 0
1588 | 3, 3 -> 28 | 12, 0
1589 | 28, 8 -> 24 | 7, 0
1590 | 10, 16 -> 2 | 7, 0
1591 | 27, 24 -> 2 | 12, 0
1592 | 25, 28 -> 2 | 12, 0
1593 | 28, 18 -> 4 | 3, 0
1594 | 8, 27 -> 8 | 10, 0
1595 | 10, 13 -> 26 | 7, 0
1596 | 17, 27 -> 29 | 5, 0
1597 | 19, 23 -> 8 | 1, 0
1598 | 29, 3 -> 19 | 2, 0
1599 | 24, 19 -> 25 | 9, 0
1600 | 25, 19 -> 23 | 1, 0
1601 | 15, 26 -> 19 | 11, 0
1602 | 25, 27 -> 20 | 3, 0
1603 | 8, 27 -> 4 | 6, 0
1604 | 5, 30 -> 22 | 1, 0
1605 | 27, 8 -> 23 | 4, 0
1606 | 25, 26 -> 23 | 12, 0
1607 | 2, 25 -> 23 | 5, 0
1608 | 13, 2 -> 26 | 10, 0
1609 | 20, 25 -> 22 | 6, 0
1610 | 19, 5 -> 18 | 10, 0
1611 | 2, 22 -> 26 | 5, 0
1612 | 29, 15 -> 3 | 5, 0
1613 | 20, 4 -> 13 | 1, 0
1614 | 18, 22 -> 23 | 9, 0
1615 | 12, 20 -> 27 | 1, 0
1616 | 20, 23 -> 8 | 4, 0
1617 | 18, 23 -> 30 | 6, 0
1618 | 13, 3 -> 12 | 5, 0
1619 | 12, 22 -> 30 | 11, 0
1620 | 27, 9 -> 4 | 1, 0
1621 | 19, 12 -> 10 | 5, 0
1622 | 27, 30 -> 24 | 2, 0
1623 | 18, 4 -> 14 | 12, 0
1624 | 8, 23 -> 4 | 6, 0
1625 | 13, 10 -> 29 | 7, 0
1626 | 7, 12 -> 19 | 2, 0
1627 | 22, 14 -> 9 | 3, 0
1628 | 14, 16 -> 12 | 3, 0
1629 | 14, 9 -> 22 | 10, 0
1630 | 15, 9 -> 5 | 7, 0
1631 | 19, 16 -> 2 | 23, 0
1632 | 17, 20 -> 7 | 23, 0
1633 | 19, 2 -> 27 | 10, 0
1634 | 26, 4 -> 8 | 4, 0
1635 | 13, 22 -> 26 | 5, 0
1636 | 7, 16 -> 23 | 4, 0
1637 | 7, 27 -> 7 | 11, 0
1638 | 12, 26 -> 31 | 4, 0
1639 | 28, 27 -> 19 | 4, 0
1640 | 15, 6 -> 1 | 10, 0
1641 | 29, 2 -> 21 | 10, 0
1642 | 7, 31 -> 8 | 3, 0
1643 | 24, 8 -> 27 | 10, 0
1644 | 18, 13 -> 8 | 4, 0
1645 | 2, 31 -> 26 | 13, 0
1646 | 19, 25 -> 23 | 7, 0
1647 | 7, 31 -> 22 | 6, 0
1648 | 22, 23 -> 8 | 6, 0
1649 | 26, 24 -> 31 | 7, 0
1650 | 31, 5 -> 6 | 4, 0
1651 | 27, 28 -> 16 | 9, 0
1652 | 1, 7 -> 29 | 10, 0
1653 | 22, 28 -> 11 | 1, 0
1654 | 24, 13 -> 22 | 5, 0
1655 | 22, 26 -> 31 | 5, 0
1656 | 26, 23 -> 20 | 9, 0
1657 | 22, 31 -> 11 | 22, 0
1658 | 29, 29 -> 21 | 3, 0
1659 | 28, 5 -> 14 | 12, 0
1660 | 6, 17 -> 9 | 12, 0
1661 | 6, 31 -> 28 | 6, 0
1662 | 22, 14 -> 29 | 11, 0
1663 | 31, 16 -> 20 | 3, 0
1664 | 21, 20 -> 31 | 10, 0
1665 | 22, 26 -> 28 | 5, 0
1666 | 22, 15 -> 15 | 3, 0
1667 | 21, 14 -> 22 | 5, 0
1668 | 11, 11 -> 10 | 10, 0
1669 | 15, 16 -> 10 | 10, 0
1670 | 22, 20 -> 11 | 8, 0
1671 | 31, 20 -> 24 | 12, 0
1672 | 20, 21 -> 31 | 1, 0
1673 | 9, 24 -> 24 | 15, 0
1674 | 10, 24 -> 2 | 10, 0
1675 | 20, 31 -> 22 | 9, 0
1676 | 18, 22 -> 29 | 12, 0
1677 | 15, 10 -> 21 | 8, 0
1678 | 2, 22 -> 24 | 15, 0
1679 | 22, 22 -> 15 | 6, 0
1680 | 28, 20 -> 21 | 4, 0
1681 | 31, 29 -> 15 | 9, 0
1682 | 3, 11 -> 11 | 3, 0
1683 | 28, 15 -> 18 | 3, 0
1684 | 31, 18 -> 11 | 2, 0
1685 | 15, 29 -> 23 | 1, 0
1686 | 22, 21 -> 4 | 7, 0
1687 | 21, 2 -> 15 | 11, 0
1688 | 29, 16 -> 9 | 3, 0
1689 | 9, 24 -> 23 | 22, 0
1690 | 22, 20 -> 18 | 11, 0
1691 | 18, 17 -> 12 | 3, 0
1692 | 26, 28 -> 20 | 1, 0
1693 | 24, 9 -> 16 | 1, 0
1694 | 9, 15 -> 28 | 4, 0
1695 | 6, 9 -> 23 | 11, 0
1696 | 18, 10 -> 27 | 6, 0
1697 | 27, 2 -> 7 | 8, 0
1698 | 9, 6 -> 17 | 8, 0
1699 | 28, 3 -> 8 | 5, 0
1700 | 7, 17 -> 6 | 5, 0
1701 | 20, 21 -> 22 | 10, 0
1702 | 20, 27 -> 8 | 2, 0
1703 | 15, 28 -> 15 | 1, 0
1704 | 25, 7 -> 2 | 7, 0
1705 | 11, 26 -> 26 | 6, 0
1706 | 11, 4 -> 22 | 6, 0
1707 | 7, 6 -> 31 | 1, 0
1708 | 19, 15 -> 30 | 11, 0
1709 | 18, 17 -> 26 | 2, 0
1710 | 15, 8 -> 11 | 11, 0
1711 | 16, 2 -> 24 | 11, 0
1712 | 11, 8 -> 21 | 5, 0
1713 | 2, 22 -> 17 | 8, 0
1714 | 23, 24 -> 22 | 7, 0
1715 | 15, 11 -> 16 | 7, 0
1716 | 21, 17 -> 9 | 8, 0
1717 | 24, 5 -> 13 | 4, 0
1718 | 30, 24 -> 24 | 1, 0
1719 | 31, 16 -> 25 | 9, 0
1720 | 17, 24 -> 30 | 12, 0
1721 | 27, 11 -> 26 | 1, 0
1722 | 18, 17 -> 25 | 10, 0
1723 | 2, 31 -> 18 | 3, 0
1724 | 13, 22 -> 27 | 3, 0
1725 | 22, 18 -> 31 | 3, 0
1726 | 13, 9 -> 31 | 4, 0
1727 | 27, 25 -> 19 | 7, 0
1728 | 24, 25 -> 16 | 12, 0
1729 | 14, 25 -> 30 | 1, 0
1730 | 26, 5 -> 27 | 3, 0
1731 | 8, 16 -> 14 | 5, 0
1732 | 22, 24 -> 26 | 4, 0
1733 | 14, 27 -> 25 | 19, 0
1734 | 18, 14 -> 26 | 2, 0
1735 | 25, 23 -> 8 | 4, 0
1736 | 26, 16 -> 7 | 4, 0
1737 | 9, 31 -> 22 | 1, 0
1738 | 21, 8 -> 6 | 9, 0
1739 | 27, 22 -> 30 | 12, 0
1740 | 30, 27 -> 25 | 5, 0
1741 | 28, 27 -> 19 | 3, 0
1742 | 26, 6 -> 2 | 7, 0
1743 | 20, 22 -> 6 | 12, 0
1744 | 15, 24 -> 16 | 1, 0
1745 | 27, 26 -> 5 | 8, 0
1746 | 30, 19 -> 8 | 3, 0
1747 | 21, 7 -> 11 | 5, 0
1748 | 19, 27 -> 27 | 4, 0
1749 | 5, 3 -> 27 | 11, 0
1750 | 13, 13 -> 26 | 10, 0
1751 | 26, 12 -> 8 | 6, 0
1752 | 27, 6 -> 25 | 7, 0
1753 | 10, 6 -> 23 | 8, 0
1754 | 15, 27 -> 4 | 7, 0
1755 | 16, 4 -> 15 | 11, 0
1756 | 19, 15 -> 13 | 14, 0
1757 | 8, 27 -> 28 | 10, 0
1758 | 15, 25 -> 10 | 3, 0
1759 | 23, 7 -> 10 | 9, 0
1760 | 15, 10 -> 7 | 2, 0
1761 | 29, 4 -> 16 | 4, 0
1762 | 10, 16 -> 28 | 5, 0
1763 | 0, 28 -> 21 | 10, 0
1764 | 7, 28 -> 20 | 10, 0
1765 | 23, 27 -> 15 | 1, 0
1766 | 15, 20 -> 17 | 8, 0
1767 | 17, 15 -> 28 | 2, 0
1768 | 5, 15 -> 22 | 11, 0
1769 | 16, 28 -> 10 | 11, 0
1770 | 2, 4 -> 10 | 11, 0
1771 | 15, 31 -> 25 | 4, 0
1772 | 22, 22 -> 3 | 10, 0
1773 | 25, 17 -> 16 | 6, 0
1774 | 3, 29 -> 12 | 3, 0
1775 | 21, 22 -> 4 | 4, 0
1776 | 31, 26 -> 30 | 15, 0
1777 | 16, 25 -> 16 | 8, 0
1778 | 28, 21 -> 16 | 8, 0
1779 | 17, 12 -> 15 | 11, 0
1780 | 7, 3 -> 4 | 23, 0
1781 | 0, 24 -> 18 | 8, 0
1782 | 15, 4 -> 3 | 5, 0
1783 | 1, 4 -> 10 | 12, 0
1784 | 30, 10 -> 15 | 7, 0
1785 | 3, 25 -> 26 | 3, 0
1786 | 3, 12 -> 29 | 12, 0
1787 | 15, 26 -> 5 | 12, 0
1788 | 4, 18 -> 27 | 4, 0
1789 | 25, 4 -> 21 | 4, 0
1790 | 10, 26 -> 11 | 1, 0
1791 | 14, 6 -> 12 | 8, 0
1792 | 27, 29 -> 24 | 7, 0
1793 | 10, 12 -> 15 | 2, 0
1794 | 27, 15 -> 24 | 7, 0
1795 | 14, 29 -> 16 | 11, 0
1796 | 5, 25 -> 7 | 2, 0
1797 | 15, 28 -> 19 | 9, 0
1798 | 14, 0 -> 29 | 1, 0
1799 | 11, 21 -> 1 | 12, 0
1800 | 2, 11 -> 5 | 8, 0
1801 | 2, 12 -> 24 | 12, 0
1802 | 29, 19 -> 21 | 2, 0
1803 | 7, 23 -> 25 | 11, 0
1804 | 2, 16 -> 16 | 30, 0
1805 | 24, 16 -> 20 | 6, 0
1806 | 25, 7 -> 11 | 6, 0
1807 | 21, 17 -> 24 | 6, 0
1808 | 29, 10 -> 9 | 10, 0
1809 | 2, 21 -> 13 | 10, 0
1810 | 5, 11 -> 19 | 9, 0
1811 | 0, 3 -> 9 | 8, 0
1812 | 16, 16 -> 3 | 4, 0
1813 | 9, 16 -> 4 | 3, 0
1814 | 24, 16 -> 16 | 1, 0
1815 | 9, 20 -> 1 | 11, 0
1816 | 16, 3 -> 19 | 10, 0
1817 | 16, 11 -> 29 | 10, 0
1818 | 30, 19 -> 28 | 12, 0
1819 | 7, 9 -> 7 | 3, 0
1820 | 7, 3 -> 31 | 1, 0
1821 | 4, 7 -> 25 | 3, 0
1822 | 8, 19 -> 27 | 12, 0
1823 | 27, 24 -> 16 | 10, 0
1824 | 14, 15 -> 12 | 9, 0
1825 | 16, 1 -> 9 | 10, 0
1826 | 1, 14 -> 2 | 3, 0
1827 | 21, 26 -> 22 | 4, 0
1828 | 28, 27 -> 1 | 10, 0
1829 | 27, 16 -> 12 | 11, 0
1830 | 9, 5 -> 15 | 11, 0
1831 | 2, 12 -> 6 | 12, 0
1832 | 2, 31 -> 4 | 1, 0
1833 | 19, 19 -> 7 | 28, 0
1834 | 7, 7 -> 23 | 10, 0
1835 | 26, 4 -> 27 | 10, 0
1836 | 22, 22 -> 20 | 2, 0
1837 | 29, 1 -> 21 | 3, 0
1838 | 2, 21 -> 27 | 9, 0
1839 | 7, 4 -> 14 | 12, 0
1840 | 20, 4 -> 15 | 1, 0
1841 | 14, 12 -> 31 | 3, 0
1842 | 7, 15 -> 2 | 7, 0
1843 | 14, 21 -> 21 | 12, 0
1844 | 10, 23 -> 8 | 9, 0
1845 | 23, 21 -> 7 | 9, 0
1846 | 23, 14 -> 22 | 5, 0
1847 | 20, 22 -> 18 | 7, 0
1848 | 27, 18 -> 29 | 2, 0
1849 | 18, 18 -> 9 | 1, 0
1850 | 15, 21 -> 22 | 12, 0
1851 | 31, 18 -> 18 | 8, 0
1852 | 19, 2 -> 20 | 4, 0
1853 | 8, 9 -> 14 | 6, 0
1854 | 20, 20 -> 31 | 7, 0
1855 | 20, 4 -> 11 | 12, 0
1856 | 31, 29 -> 17 | 9, 0
1857 | 17, 16 -> 1 | 5, 0
1858 | 7, 1 -> 23 | 6, 0
1859 | 5, 17 -> 10 | 6, 0
1860 | 10, 20 -> 10 | 10, 0
1861 | 14, 30 -> 29 | 5, 0
1862 | 11, 18 -> 3 | 10, 0
1863 | 17, 29 -> 26 | 6, 0
1864 | 31, 26 -> 2 | 2, 0
1865 | 19, 20 -> 22 | 8, 0
1866 | 23, 1 -> 20 | 12, 0
1867 | 1, 15 -> 2 | 6, 0
1868 | 1, 26 -> 10 | 5, 0
1869 | 10, 9 -> 4 | 6, 0
1870 | 23, 20 -> 14 | 5, 0
1871 | 19, 26 -> 9 | 7, 0
1872 | 10, 4 -> 21 | 7, 0
1873 | 21, 22 -> 30 | 10, 0
1874 | 14, 26 -> 20 | 2, 0
1875 | 20, 2 -> 6 | 11, 0
1876 | 20, 14 -> 11 | 12, 0
1877 | 10, 10 -> 15 | 11, 0
1878 | 25, 4 -> 17 | 11, 0
1879 | 11, 18 -> 7 | 1, 0
1880 | 24, 14 -> 26 | 11, 0
1881 | 19, 11 -> 2 | 2, 0
1882 | 6, 31 -> 6 | 1, 0
1883 | 3, 2 -> 27 | 7, 0
1884 | 12, 2 -> 4 | 6, 0
1885 | 20, 27 -> 6 | 1, 0
1886 | 4, 3 -> 18 | 4, 0
1887 | 27, 11 -> 20 | 5, 0
1888 | 6, 7 -> 3 | 2, 0
1889 | 26, 6 -> 15 | 13, 0
1890 | 21, 7 -> 1 | 8, 0
1891 | 1, 1 -> 7 | 11, 0
1892 | 1, 6 -> 27 | 5, 0
1893 | 27, 2 -> 1 | 8, 0
1894 | 3, 2 -> 20 | 2, 0
1895 | 9, 5 -> 4 | 10, 0
1896 | 1, 4 -> 7 | 2, 0
1897 | 0, 23 -> 20 | 10, 0
1898 | 1, 24 -> 24 | 2, 0
1899 | 4, 30 -> 2 | 9, 0
1900 | 3, 7 -> 3 | 3, 0
1901 | 18, 0 -> 1 | 4, 0
1902 | 4, 1 -> 30 | 12, 0
1903 | 1, 30 -> 10 | 6, 0
1904 | 7, 3 -> 3 | 3, 0
1905 | 1, 27 -> 8 | 6, 0
1906 | 3, 6 -> 23 | 3, 0
1907 | 2, 31 -> 12 | 9, 0
1908 | 2, 30 -> 24 | 10, 0
1909 | 23, 3 -> 1 | 3, 0
1910 | 5, 4 -> 23 | 7, 0
1911 | 10, 20 -> 17 | 11, 0
1912 | 17, 3 -> 21 | 5, 0
1913 | 13, 18 -> 6 | 8, 0
1914 | 8, 10 -> 9 | 11, 0
1915 | 1, 21 -> 18 | 11, 0
1916 | 21, 1 -> 24 | 2, 0
1917 | 0, 6 -> 15 | 5, 0
1918 | 23, 29 -> 6 | 3, 0
1919 | 17, 9 -> 10 | 11, 0
1920 | 17, 4 -> 20 | 1, 0
1921 | 8, 13 -> 9 | 11, 0
1922 | 18, 24 -> 9 | 12, 0
1923 | 23, 24 -> 7 | 5, 0
1924 | 18, 26 -> 3 | 10, 0
1925 | 6, 3 -> 5 | 11, 0
1926 | 10, 5 -> 28 | 2, 0
1927 | 7, 24 -> 20 | 6, 0
1928 | 25, 12 -> 11 | 4, 0
1929 | 9, 9 -> 21 | 9, 0
1930 | 10, 28 -> 19 | 24, 0
1931 | 11, 19 -> 8 | 6, 0
1932 | 2, 11 -> 17 | 2, 0
1933 | 3, 2 -> 14 | 2, 0
1934 | 3, 3 -> 9 | 10, 0
1935 | 20, 19 -> 31 | 1, 0
1936 | 14, 26 -> 1 | 6, 0
1937 | 21, 1 -> 26 | 4, 0
1938 | 17, 30 -> 1 | 6, 0
1939 | 28, 26 -> 7 | 2, 0
1940 | 10, 3 -> 9 | 6, 0
1941 | 21, 31 -> 8 | 5, 0
1942 | 8, 21 -> 24 | 6, 0
1943 | 17, 14 -> 22 | 5, 0
1944 | 31, 17 -> 4 | 7, 0
1945 | 26, 31 -> 1 | 3, 0
1946 | 29, 19 -> 5 | 12, 0
1947 | 9, 8 -> 12 | 2, 0
1948 | 1, 5 -> 2 | 3, 0
1949 | 1, 12 -> 31 | 8, 0
1950 | 22, 4 -> 11 | 3, 0
1951 | 18, 20 -> 25 | 8, 0
1952 | 29, 25 -> 23 | 9, 0
1953 | 10, 21 -> 31 | 7, 0
1954 | 22, 25 -> 22 | 1, 0
1955 | 28, 9 -> 27 | 6, 0
1956 | 23, 8 -> 20 | 2, 0
1957 | 30, 0 -> 13 | 8, 0
1958 | 29, 13 -> 6 | 10, 0
1959 | 11, 22 -> 26 | 8, 0
1960 | 26, 11 -> 16 | 11, 0
1961 | 28, 20 -> 9 | 19, 0
1962 | 22, 4 -> 30 | 12, 0
1963 | 31, 30 -> 24 | 2, 0
1964 | 17, 9 -> 28 | 11, 0
1965 | 16, 30 -> 4 | 11, 0
1966 | 13, 6 -> 20 | 11, 0
1967 | 25, 4 -> 17 | 1, 0
1968 | 28, 17 -> 24 | 6, 0
1969 | 17, 24 -> 10 | 2, 0
1970 | 9, 24 -> 1 | 2, 0
1971 | 0, 20 -> 18 | 21, 0
1972 | 4, 30 -> 12 | 1, 0
1973 | 4, 5 -> 27 | 10, 0
1974 | 6, 2 -> 11 | 3, 0
1975 | 25, 11 -> 7 | 10, 0
1976 | 12, 2 -> 6 | 8, 0
1977 | 11, 7 -> 15 | 7, 0
1978 | 7, 11 -> 10 | 5, 0
1979 | 4, 6 -> 24 | 10, 0
1980 | 24, 1 -> 28 | 6, 0
1981 | 18, 11 -> 4 | 4, 0
1982 | 9, 7 -> 18 | 12, 0
1983 | 10, 4 -> 1 | 4, 0
1984 | 15, 10 -> 24 | 11, 0
1985 | 24, 15 -> 6 | 8, 0
1986 | 2, 18 -> 17 | 9, 0
1987 | 28, 17 -> 19 | 6, 0
1988 | 24, 28 -> 31 | 6, 0
1989 | 19, 24 -> 30 | 7, 0
1990 | 11, 6 -> 2 | 4, 0
1991 | 22, 2 -> 23 | 3, 0
1992 | 19, 31 -> 4 | 10, 0
1993 | 20, 26 -> 29 | 5, 0
1994 | 0, 12 -> 20 | 12, 0
1995 | 19, 6 -> 9 | 8, 0
1996 | 30, 23 -> 3 | 8, 0
1997 | 9, 3 -> 31 | 8, 0
1998 | 9, 17 -> 30 | 4, 0
1999 | 2, 30 -> 21 | 9, 0