0 | 15, 19 -> 4 | 8, 0
1 | 4, 4 -> 26 | 1, 0
2 | 4, 26 -> 27 | 23, 0
3 | 1, 16 -> 26 | 3, 0
4 | 4, 23 -> 3 | 6, 0
5 | 15, 4 -> 9 | 45, 0
6 | 0, 19 -> 28 | 4, 0
7 | 18, 10 -> 8 | 1, 0
8 | 3, 17 -> 17 | 8, 0
9 | 9, 12 -> 3 | 4, 0
10 | 28, 26 -> 14 | 6, 0
11 | 12, 6 -> 27 | 24, 0
12 | 17, 3 -> 10 | 1, 0
13 | 27, 18 -> 24 | 6, 0
14 | 3, 27 -> 25 | 10, 0
15 | 4, 27 -> 29 | 3, 0
16 | 28, 21 -> 19 | 12, 0
17 | 23, 23 -> 10 | 8, 0
18 | 27, 7 -> 2 | 20, 0
19 | 9, 31 -> 19 | 1, 0
20 | 3, 27 -> 21 | 8, 0
21 | 26, 2 -> 8 | 4, 0
22 | 27, 31 -> 7 | 26, 0
23 | 29, 26 -> 28 | 6, 0
24 | 27, 25 -> 31 | 1, 0
25 | 5, 10 -> 11 | 8, 0
26 | 20, 13 -> 21 | 5, 0
27 | 27, 4 -> 28 | 4, 0
28 | 7, 17 -> 22 | 3, 0
29 | 29, 25 -> 30 | 1, 0
30 | 31, 19 -> 4 | 7, 0
31 | 3, 12 -> 6 | 6, 0
32 | 30, 28 -> 1 | 17, 0
33 | 16, 8 -> 2 | 9, 0
34 | 19, 4 -> 3 | 8, 0
35 | 11, 29 -> 28 | 2, 0
36 | 7, 27 -> 14 | 8, 0
37 | 4, 30 -> 14 | 45, 0
38 | 6, 1 -> 11 | 6, 0
39 | 11, 0 -> 21 | 9, 0
40 | 10, 15 -> 14 | 6, 0
41 | 2, 0 -> 22 | 30, 0
42 | 29, 19 -> 30 | 8, 0
43 | 28, 1 -> 25 | 6, 0
44 | 22, 11 -> 10 | 6, 0
45 | 6, 5 -> 3 | 3, 0
46 | 6, 2 -> 29 | 11, 0
47 | 5, 6 -> 6 | 8, 0
48 | 4, 7 -> 6 | 4, 0
49 | 19, 25 -> 29 | 8, 0
50 | 19, 28 -> 18 | 8, 0
51 | 25, 20 -> 10 | 10, 0
52 | 25, 29 -> 23 | 6, 0
53 | 24, 9 -> 17 | 32, 0
54 | 19, 16 -> 16 | 8, 0
55 | 4, 3 -> 3 | 1, 0
56 | 25, 6 -> 6 | 4, 0
57 | 22, 25 -> 2 | 5, 0
58 | 11, 26 -> 31 | 2, 0
59 | 0, 9 -> 17 | 4, 0
60 | 30, 24 -> 6 | 5, 0
61 | 19, 21 -> 6 | 7, 0
62 | 17, 1 -> 10 | 3, 0
63 | 31, 0 -> 8 | 1, 0
64 | 11, 28 -> 24 | 7, 0
65 | 31, 12 -> 4 | 6, 0
66 | 25, 2 -> 27 | 5, 0
67 | 19, 30 -> 21 | 2, 0
68 | 20, 2 -> 20 | 8, 0
69 | 22, 11 -> 23 | 43, 0
70 | 15, 21 -> 11 | 3, 0
71 | 7, 0 -> 3 | 10, 0
72 | 3, 2 -> 1 | 3, 0
73 | 4, 22 -> 27 | 7, 0
74 | 25, 31 -> 16 | 9, 0
75 | 19, 18 -> 26 | 7, 0
76 | 23, 6 -> 30 | 6, 0
77 | 26, 26 -> 11 | 4, 0
78 | 26, 20 -> 20 | 3, 0
79 | 20, 27 -> 20 | 23, 0
80 | 16, 31 -> 25 | 31, 0
81 | 27, 1 -> 17 | 2, 0
82 | 20, 30 -> 30 | 3, 0
83 | 1, 11 -> 22 | 1, 0
84 | 21, 23 -> 6 | 4, 0
85 | 22, 3 -> 22 | 8, 0
86 | 11, 25 -> 16 | 8, 0
87 | 23, 25 -> 27 | 12, 0
88 | 3, 20 -> 12 | 4, 0
89 | 22, 22 -> 31 | 6, 0
90 | 30, 16 -> 7 | 6, 0
91 | 31, 19 -> 26 | 7, 0
92 | 11, 22 -> 12 | 18, 0
93 | 26, 25 -> 10 | 1, 0
94 | 30, 12 -> 6 | 4, 0
95 | 1, 1 -> 13 | 10, 0
96 | 6, 22 -> 8 | 6, 0
97 | 23, 30 -> 30 | 9, 0
98 | 22, 16 -> 31 | 9, 0
99 | 12, 7 -> 3 | 10, 0
100 | 6, 13 -> 20 | 9, 0
101 | 5, 3 -> 26 | 3, 0
102 | 16, 18 -> 16 | 5, 0
103 | 25, 3 -> 29 | 7, 0
104 | 12, 23 -> 3 | 2, 0
105 | 2, 30 -> 27 | 2, 0
106 | 0, 18 -> 17 | 7, 0
107 | 13, 12 -> 17 | 1, 0
108 | 4, 16 -> 29 | 43, 0
109 | 13, 8 -> 19 | 10, 0
110 | 4, 0 -> 6 | 27, 0
111 | 27, 22 -> 31 | 9, 0
112 | 12, 12 -> 6 | 10, 0
113 | 12, 12 -> 31 | 5, 0
114 | 20, 13 -> 18 | 5, 0
115 | 17, 3 -> 26 | 4, 0
116 | 6, 19 -> 2 | 1, 0
117 | 0, 11 -> 8 | 6, 0
118 | 25, 13 -> 31 | 5, 0
119 | 21, 6 -> 6 | 10, 0
120 | 18, 2 -> 18 | 6, 0
121 | 16, 8 -> 1 | 2, 0
122 | 13, 27 -> 18 | 7, 0
123 | 30, 26 -> 25 | 28, 0
124 | 31, 22 -> 25 | 7, 0
125 | 29, 25 -> 29 | 2, 0
126 | 21, 4 -> 23 | 6, 0
127 | 10, 18 -> 4 | 1, 0
128 | 15, 30 -> 8 | 6, 0
129 | 28, 7 -> 16 | 1, 0
130 | 27, 30 -> 29 | 5, 0
131 | 2, 6 -> 18 | 10, 0
132 | 30, 8 -> 16 | 8, 0
133 | 18, 27 -> 9 | 3, 0
134 | 11, 29 -> 31 | 10, 0
135 | 9, 23 -> 25 | 6, 0
136 | 28, 17 -> 26 | 14, 0
137 | 9, 15 -> 8 | 9, 0
138 | 16, 8 -> 28 | 4, 0
139 | 28, 20 -> 12 | 7, 0
140 | 21, 7 -> 20 | 2, 0
141 | 29, 3 -> 29 | 2, 0
142 | 31, 23 -> 12 | 15, 0
143 | 28, 27 -> 17 | 2, 0
144 | 12, 1 -> 18 | 9, 0
145 | 28, 23 -> 8 | 5, 0
146 | 8, 9 -> 29 | 2, 0
147 | 28, 10 -> 23 | 9, 0
148 | 12, 12 -> 18 | 9, 0
149 | 19, 1 -> 22 | 43, 0
150 | 28, 12 -> 4 | 10, 0
151 | 20, 31 -> 12 | 3, 0
152 | 21, 12 -> 28 | 4, 0
153 | 23, 12 -> 30 | 9, 0
154 | 20, 18 -> 27 | 9, 0
155 | 28, 28 -> 26 | 5, 0
156 | 28, 16 -> 24 | 10, 0
157 | 31, 29 -> 3 | 9, 0
158 | 18, 10 -> 13 | 3, 0
159 | 30, 18 -> 8 | 7, 0
160 | 12, 29 -> 10 | 6, 0
161 | 2, 3 -> 25 | 4, 0
162 | 2, 21 -> 9 | 1, 0
163 | 25, 25 -> 14 | 4, 0
164 | 28, 14 -> 13 | 3, 0
165 | 16, 28 -> 17 | 10, 0
166 | 10, 25 -> 3 | 9, 0
167 | 24, 12 -> 25 | 36, 0
168 | 9, 1 -> 4 | 7, 0
169 | 17, 4 -> 21 | 9, 0
170 | 28, 21 -> 28 | 5, 0
171 | 8, 17 -> 14 | 10, 0
172 | 4, 9 -> 14 | 2, 0
173 | 27, 28 -> 19 | 3, 0
174 | 30, 18 -> 28 | 5, 0
175 | 4, 12 -> 10 | 9, 0
176 | 24, 27 -> 25 | 1, 0
177 | 27, 8 -> 5 | 10, 0
178 | 10, 26 -> 28 | 7, 0
179 | 25, 8 -> 29 | 6, 0
180 | 16, 13 -> 7 | 8, 0
181 | 4, 7 -> 5 | 6, 0
182 | 25, 7 -> 15 | 6, 0
183 | 5, 29 -> 18 | 8, 0
184 | 31, 21 -> 14 | 3, 0
185 | 19, 10 -> 30 | 8, 0
186 | 3, 30 -> 10 | 9, 0
187 | 21, 29 -> 29 | 7, 0
188 | 6, 25 -> 6 | 5, 0
189 | 13, 4 -> 17 | 6, 0
190 | 30, 4 -> 6 | 3, 0
191 | 28, 5 -> 15 | 2, 0
192 | 18, 19 -> 2 | 9, 0
193 | 16, 23 -> 3 | 10, 0
194 | 19, 4 -> 16 | 9, 0
195 | 31, 3 -> 17 | 10, 0
196 | 14, 22 -> 16 | 5, 0
197 | 28, 28 -> 28 | 4, 0
198 | 16, 28 -> 4 | 2, 0
199 | 4, 9 -> 13 | 4, 0
200 | 10, 10 -> 6 | 18, 0
201 | 16, 4 -> 26 | 2, 0
202 | 29, 25 -> 30 | 7, 0
203 | 30, 17 -> 10 | 4, 0
204 | 5, 28 -> 28 | 7, 0
205 | 15, 16 -> 8 | 8, 0
206 | 26, 15 -> 17 | 1, 0
207 | 22, 25 -> 17 | 10, 0
208 | 30, 4 -> 7 | 3, 0
209 | 7, 18 -> 5 | 19, 0
210 | 13, 3 -> 9 | 1, 0
211 | 10, 25 -> 10 | 3, 0
212 | 7, 26 -> 13 | 5, 0
213 | 6, 16 -> 19 | 9, 0
214 | 1, 29 -> 21 | 9, 0
215 | 14, 25 -> 24 | 5, 0
216 | 27, 4 -> 14 | 10, 0
217 | 1, 8 -> 1 | 9, 0
218 | 19, 26 -> 8 | 8, 0
219 | 13, 24 -> 3 | 4, 0
220 | 15, 6 -> 5 | 7, 0
221 | 11, 5 -> 4 | 16, 0
222 | 27, 1 -> 7 | 7, 0
223 | 8, 1 -> 23 | 8, 0
224 | 28, 26 -> 8 | 10, 0
225 | 30, 14 -> 31 | 5, 0
226 | 31, 7 -> 2 | 6, 0
227 | 4, 9 -> 16 | 7, 0
228 | 18, 23 -> 16 | 8, 0
229 | 7, 21 -> 8 | 5, 0
230 | 17, 3 -> 12 | 1, 0
231 | 1, 31 -> 29 | 7, 0
232 | 31, 26 -> 5 | 9, 0
233 | 17, 31 -> 17 | 7, 0
234 | 26, 10 -> 4 | 3, 0
235 | 3, 24 -> 29 | 33, 0
236 | 12, 24 -> 17 | 3, 0
237 | 0, 8 -> 5 | 2, 0
238 | 21, 21 -> 21 | 28, 0
239 | 19, 28 -> 31 | 1, 0
240 | 15, 12 -> 5 | 2, 0
241 | 2, 3 -> 21 | 9, 0
242 | 14, 2 -> 8 | 10, 0
243 | 11, 21 -> 5 | 7, 0
244 | 2, 31 -> 29 | 3, 0
245 | 23, 13 -> 27 | 3, 0
246 | 21, 4 -> 1 | 1, 0
247 | 9, 18 -> 31 | 3, 0
248 | 8, 27 -> 26 | 6, 0
249 | 31, 25 -> 28 | 10, 0
250 | 20, 13 -> 7 | 12, 0
251 | 0, 12 -> 9 | 1, 0
252 | 3, 12 -> 25 | 7, 0
253 | 27, 29 -> 23 | 7, 0
254 | 12, 8 -> 22 | 39, 0
255 | 7, 5 -> 31 | 9, 0
256 | 27, 16 -> 30 | 10, 0
257 | 22, 13 -> 19 | 4, 0
258 | 9, 9 -> 14 | 5, 0
259 | 22, 25 -> 2 | 4, 0
260 | 5, 0 -> 13 | 5, 0
261 | 23, 16 -> 27 | 3, 0
262 | 20, 29 -> 2 | 9, 0
263 | 13, 30 -> 9 | 3, 0
264 | 7, 24 -> 16 | 24, 0
265 | 25, 11 -> 14 | 9, 0
266 | 11, 9 -> 6 | 5, 0
267 | 0, 4 -> 28 | 3, 0
268 | 19, 19 -> 5 | 6, 0
269 | 23, 2 -> 15 | 10, 0
270 | 19, 14 -> 19 | 9, 0
271 | 13, 5 -> 20 | 6, 0
272 | 20, 0 -> 18 | 6, 0
273 | 30, 5 -> 18 | 3, 0
274 | 28, 21 -> 27 | 9, 0
275 | 2, 19 -> 5 | 2, 0
276 | 14, 4 -> 1 | 9, 0
277 | 17, 28 -> 10 | 14, 0
278 | 1, 30 -> 25 | 4, 0
279 | 27, 20 -> 2 | 5, 0
280 | 3, 18 -> 10 | 8, 0
281 | 14, 9 -> 1 | 8, 0
282 | 22, 15 -> 14 | 5, 0
283 | 18, 9 -> 4 | 10, 0
284 | 9, 28 -> 19 | 10, 0
285 | 20, 19 -> 12 | 8, 0
286 | 19, 18 -> 8 | 9, 0
287 | 28, 19 -> 17 | 9, 0
288 | 18, 2 -> 2 | 14, 0
289 | 27, 7 -> 7 | 7, 0
290 | 14, 4 -> 10 | 4, 0
291 | 7, 8 -> 12 | 5, 0
292 | 10, 25 -> 15 | 7, 0
293 | 4, 8 -> 25 | 5, 0
294 | 5, 15 -> 6 | 7, 0
295 | 30, 5 -> 2 | 8, 0
296 | 19, 20 -> 23 | 10, 0
297 | 16, 4 -> 19 | 18, 0
298 | 3, 22 -> 19 | 3, 0
299 | 21, 23 -> 4 | 37, 0
300 | 4, 25 -> 14 | 1, 0
301 | 6, 25 -> 19 | 6, 0
302 | 26, 10 -> 21 | 8, 0
303 | 23, 6 -> 23 | 42, 0
304 | 10, 21 -> 10 | 24, 0
305 | 24, 17 -> 21 | 11, 0
306 | 5, 21 -> 24 | 1, 0
307 | 19, 15 -> 6 | 2, 0
308 | 2, 18 -> 3 | 8, 0
309 | 11, 21 -> 10 | 3, 0
310 | 6, 6 -> 11 | 2, 0
311 | 24, 4 -> 17 | 7, 0
312 | 1, 14 -> 25 | 10, 0
313 | 2, 18 -> 4 | 7, 0
314 | 24, 3 -> 14 | 9, 0
315 | 8, 14 -> 19 | 16, 0
316 | 10, 18 -> 29 | 10, 0
317 | 2, 15 -> 12 | 6, 0
318 | 7, 10 -> 24 | 2, 0
319 | 29, 28 -> 28 | 10, 0
320 | 17, 19 -> 5 | 40, 0
321 | 28, 28 -> 22 | 1, 0
322 | 15, 22 -> 30 | 9, 0
323 | 3, 11 -> 31 | 4, 0
324 | 27, 27 -> 7 | 10, 0
325 | 6, 29 -> 1 | 27, 0
326 | 5, 28 -> 4 | 3, 0
327 | 25, 14 -> 6 | 6, 0
328 | 13, 9 -> 30 | 1, 0
329 | 1, 12 -> 31 | 1, 0
330 | 16, 20 -> 1 | 5, 0
331 | 5, 24 -> 12 | 6, 0
332 | 1, 12 -> 23 | 5, 0
333 | 23, 23 -> 30 | 6, 0
334 | 9, 26 -> 29 | 3, 0
335 | 23, 19 -> 17 | 10, 0
336 | 11, 22 -> 11 | 24, 0
337 | 17, 23 -> 17 | 1, 0
338 | 14, 22 -> 30 | 2, 0
339 | 14, 14 -> 14 | 4, 0
340 | 31, 6 -> 29 | 8, 0
341 | 12, 7 -> 28 | 4, 0
342 | 7, 8 -> 22 | 4, 0
343 | 26, 1 -> 28 | 2, 0
344 | 5, 8 -> 19 | 8, 0
345 | 19, 6 -> 26 | 5, 0
346 | 23, 28 -> 13 | 30, 0
347 | 20, 30 -> 29 | 7, 0
348 | 15, 25 -> 1 | 2, 0
349 | 12, 0 -> 4 | 4, 0
350 | 1, 9 -> 25 | 7, 0
351 | 21, 12 -> 15 | 8, 0
352 | 30, 6 -> 16 | 6, 0
353 | 30, 11 -> 1 | 3, 0
354 | 9, 16 -> 16 | 10, 0
355 | 14, 0 -> 11 | 36, 0
356 | 16, 29 -> 18 | 2, 0
357 | 26, 12 -> 12 | 6, 0
358 | 4, 14 -> 15 | 5, 0
359 | 4, 10 -> 25 | 7, 0
360 | 16, 4 -> 13 | 6, 0
361 | 16, 27 -> 27 | 8, 0
362 | 1, 29 -> 21 | 4, 0
363 | 4, 4 -> 31 | 9, 0
364 | 16, 29 -> 8 | 7, 0
365 | 11, 29 -> 22 | 9, 0
366 | 25, 11 -> 3 | 5, 0
367 | 13, 8 -> 27 | 3, 0
368 | 30, 6 -> 24 | 2, 0
369 | 11, 27 -> 10 | 6, 0
370 | 25, 11 -> 20 | 7, 0
371 | 25, 21 -> 17 | 1, 0
372 | 19, 27 -> 8 | 9, 0
373 | 3, 18 -> 17 | 34, 0
374 | 31, 6 -> 31 | 9, 0
375 | 10, 17 -> 6 | 5, 0
376 | 16, 4 -> 22 | 6, 0
377 | 26, 3 -> 3 | 33, 0
378 | 27, 22 -> 20 | 3, 0
379 | 22, 24 -> 23 | 7, 0
380 | 31, 18 -> 29 | 34, 0
381 | 15, 15 -> 30 | 10, 0
382 | 13, 29 -> 28 | 17, 0
383 | 27, 23 -> 30 | 44, 0
384 | 10, 22 -> 4 | 19, 0
385 | 23, 8 -> 19 | 8, 0
386 | 2, 28 -> 29 | 7, 0
387 | 16, 6 -> 22 | 6, 0
388 | 28, 27 -> 23 | 10, 0
389 | 3, 0 -> 15 | 8, 0
390 | 17, 19 -> 16 | 4, 0
391 | 16, 4 -> 2 | 4, 0
392 | 13, 19 -> 23 | 7, 0
393 | 6, 8 -> 27 | 1, 0
394 | 18, 2 -> 19 | 8, 0
395 | 0, 18 -> 14 | 5, 0
396 | 16, 5 -> 17 | 7, 0
397 | 4, 15 -> 18 | 7, 0
398 | 6, 20 -> 24 | 28, 0
399 | 27, 19 -> 3 | 6, 0